0.9
0.22063492063492066
0.02
0.6042063492063492
0.8354365079365079
0.4049603174603174
0.6308730158730158
0.7434920634920634
0.42685185185185187
0.6484920634920635
0.4218253968253969
0.7116666666666667
0.7068253968253967
0.5509700176366843
0.8333333333333333
0.8666666666666667
1.0
0.89
0.5625396825396825
0.866388888888889
0.9150793650793649
0.7042063492063492
0.89
0.8788888888888889
1.0
0.6018253968253967
1.0
0.4726984126984126
0.3333333333333333
0.75
1.0
0.89
0.1552777777777778
0.8521031746031745
0.4666666666666666
0.3964285714285714
0.31555555555555553
0.3554421768707483
0.6671031746031746
0.89
0.866388888888889
0.6484920634920635
0.8354365079365079
0.41666666666666663
1.0
0.8333333333333333
0.17083333333333334
0.22619047619047616
0.5142857142857143
0.5666666666666667
0.8166666666666667
1.0
0.7856701940035273
0.7051587301587302
0.6258730158730159
0.8055555555555555
1.0
0.8154365079365078
0.5107142857142858
0.41666666666666663
1.0
0.7675
0.22666666666666666
0.6042063492063492
0.28055555555555556
1.0
0.4708333333333333
0.3333333333333333
0.9484126984126983
0.9166666666666666
0.1961904761904762
1.0
0.4225
0.9761904761904762
0.8154365079365078
0.21000000000000002
1.0
0.7041666666666666
0.4530952380952381
1.0
0.8788888888888889
0.4747619047619048
0.46333333333333326
0.9266666666666665
0.8875
0.29333333333333333
0.8788888888888889
0.7545918367346939
0.8521031746031745
0.7434920634920634
0.5008730158730159
1.0
1.0
1.0
1.0
0.9821428571428571
1.0
0.6818253968253967
1.0
1.0
0.9
0.8055555555555555
0.9293650793650793
0.8521031746031745
0.4705555555555555
0.8788888888888889
0.30297619047619045
0.8736394557823128
0.6388888888888888
1.0
0.9428571428571428
0.18333333333333332
0.8055555555555555
0.9626543209876544
0.5842592592592593
0.5658730158730159
0.6282312925170067
0.696111111111111
0.0919047619047619
0.45083333333333336
0.41666666666666663
0.6592063492063491
1.0
0.8788888888888889
0.2177777777777778
1.0
0.3896428571428572
1.0
0.9704861111111112
0.3333333333333333
0.866388888888889
0.2375
0.6171031746031745
0.7329365079365079
0.866388888888889
0.46458333333333335
0.4708333333333334
0.39537037037037037
0.3214285714285714
0.5077777777777779
0.5822751322751322
0.9
0.0625
0.5
0.7042063492063492
0.7904365079365079
0.9
0.7904365079365079
0.1933333333333333
1.0
0.46499999999999997
0.5097619047619047
0.5805555555555555
1.0
0.5
0.78
0.43420634920634915
0.9428571428571428
0.8041666666666667
0.325
0.5991666666666667
0.6749999999999999
0.5308730158730158
0.866388888888889
0.788888888888889
0.2657142857142857
0.8354365079365079
0.7333333333333333
0.4891666666666666
0.5747619047619048
1.0
1.0
0.8968253968253969
1.0
0.716547619047619
0.5782142857142857
1.0
0.5444444444444444
0.8333333333333334
0.5
0.5808730158730159
0.4675396825396826
0.4841666666666667
1.0
0.8788888888888889
0.5833333333333333
0.9
1.0
0.6842063492063492
0.8333333333333333
0.8521031746031745
0.89
0.5184920634920636
0.7571031746031747
0.10119047619047619
0.716111111111111
0.6527777777777778
0.9166666666666666
0.5245535714285714
0.8154365079365078
0.041666666666666664
1.0
0.5142063492063491
0.6783333333333333
0.34809523809523807
0.4120535714285714
1.0
0.5984920634920635
0.5464285714285715
0.3896428571428572
0.8875
0.7904365079365079
0.89
1.0
0.9166666666666666
0.8972222222222221
0.8666666666666667
0.325
0.8354365079365079
0.4097619047619048
0.6708730158730158
0.9821428571428571
0.7071031746031746
0.20833333333333331
0.5625396825396825
0.8055555555555555
0.6746031746031745
0.8976190476190476
0.7555555555555555
0.27730158730158727
0.7545918367346939
1.0
0.9
0.7577777777777778
0.24
0.95
0.7254365079365078
0.29
0.5877777777777778
0.6484920634920635
0.9626543209876544
1.0
0.745436507936508
0.716547619047619
0.1261904761904762
0.6713403880070546
0.8528571428571429
0.6458730158730158
0.7
0.3980952380952381
0.5025
0.5595238095238095
0.5857142857142856
0.8666666666666667
0.5977777777777777
0.7571031746031747
0.7904365079365079
0.5163095238095239
1.0
0.5940476190476189
0.3
0.8766666666666666
1.0
0.6422222222222222
1.0
0.9085317460317459
0.9666666666666666
0.5940476190476189
0.634375
1.0
0.7321428571428571
0.7656746031746031
0.78
1.0
0.6875
0.866388888888889
0.7271825396825397
0.09126984126984126
1.0
0.6287037037037037
0.751388888888889
0.5475396825396825
0.05
0.19166666666666665
0.5865079365079364
0.9293650793650793
0.9093537414965985
0.37269841269841264
0.3696428571428571
0.40630952380952373
0.5308730158730158
0.7071031746031746
0.3333333333333333
1.0
0.6916666666666667
0.8083333333333332
0.355
0.3133333333333333
0.5984920634920635
0.3638888888888888
1.0
0.8928571428571428
0.9166666666666666
1.0
1.0
0.89
0.016666666666666666
0.9166666666666666
0.4279761904761905
0.7904365079365079
0.7571031746031747
0.5964285714285714
0.8521031746031745
0.8521031746031745
0.5978835978835979
1.0
0.5833333333333333
0.8055555555555555
0.10222222222222221
0.31555555555555553
0.7068253968253967
0.691547619047619
0.4308333333333333
0.7071031746031746
0.20714285714285713
0.3347883597883598
0.38
0.29464285714285715
0.6322751322751322
1.0
1.0
0.8734126984126983
0.16666666666666666
0.38936507936507936
0.7072751322751322
0.4611111111111111
0.8875
0.7904365079365079
0.5833333333333333
0.7571031746031747
0.27666666666666667
1.0
1.0
0.513095238095238
0.04722222222222222
0.4708333333333334
0.5383333333333333
0.866388888888889
0.9428571428571428
0.8521031746031745
0.2111111111111111
0.14285714285714285
0.8788888888888889
0.8333333333333333
1.0
0.5583333333333333
0.6875
0.7254365079365078
0.6458730158730158
1.0
0.89
1.0
0.5247619047619048
0.034722222222222224
0.7708333333333333
0.4396428571428571
0.55
0.45583333333333337
1.0
0.7051587301587302
0.9
1.0
0.2838095238095238
0.5416666666666666
1.0
0.23194444444444445
1.0
1.0
0.7254365079365078
0.4396428571428571
0.45087301587301587
0.42297619047619045
0.5833333333333333
0.8412257495590829
0.4746031746031746
0.6
0.9266666666666665
0.3414285714285714
0.619047619047619
1.0
0.6083333333333333
0.8788888888888889
1.0
0.16083333333333333
0.3263095238095238
0.4363095238095238
0.2988095238095238
0.6383928571428572
0.8154365079365078
0.33936507936507937
1.0
0.5184920634920636
0.7571031746031747
0.7100000000000001
0.6818253968253967
0.5592857142857144
0.95
0.5099206349206349
0.6818253968253967
0.7393424036281179
0.6283333333333333
0.5738095238095239
0.7434920634920634
0.39416666666666667
0.5857142857142856
0.8041666666666667
0.6925925925925925
0.8154365079365078
0.7000000000000001
1.0
0.9266666666666665
0.6916666666666667
1.0
1.0
0.5798611111111112
0.5908730158730158
0.2844444444444444
0.5833333333333333
0.3963095238095238
0.5
0.4105555555555555
0.9095238095238096
0.4430952380952381
0.8541666666666666
0.7713789682539682
0.7004365079365078
0.7073412698412698
0.4829761904761905
0.7904365079365079
0.4933035714285714
0.8154365079365078
0.611547619047619
0.7434920634920634
0.866388888888889
0.7571031746031747
0.9
0.3196428571428571
0.6888888888888889
0.3673611111111111
0.5991666666666667
0.5008730158730159
0.24285714285714285
0.49071428571428566
1.0
0.46333333333333326
0.6333333333333333
0.28174603174603174
0.5533333333333333
0.4928571428571428
0.8333333333333333
0.2526984126984127
0.6861904761904762
1.0
0.46111111111111114
0.6064814814814814
0.9028571428571428
0.27777777777777773
0.696111111111111
0.6842063492063492
0.866388888888889
0.3726984126984127
0.2883333333333333
0.5821428571428571
0.7763888888888889
1.0
1.0
0.8303571428571428
0.3588888888888889
0.37797619047619047
0.6666666666666666
0.325
0.5458730158730158
1.0
0.5
1.0
0.44305555555555554
0.6607142857142857
0.7071031746031746
1.0
0.7042063492063492
0.9
0.46642857142857136
1.0
0.9305555555555555
0.35238095238095235
0.4666666666666666
0.6444444444444445
0.5964285714285714
0.13551587301587303
0.5975396825396825
0.6125396825396825
0.78
0.3071428571428571
0.48020833333333335
0.8055555555555555
0.6283333333333333
1.0
0.9
0.6484920634920635
1.0
0.25999999999999995
0.7155328798185941
0.3
0.3930952380952381
0.7738095238095238
0.3113095238095238
0.6484920634920635
0.6366666666666667
0.6125396825396825
0.9
0.55
0.89
0.4
0.4864285714285714
0.3763095238095238
0.5684920634920634
0.3474426807760141
0.7904365079365079
0.6082142857142857
0.7532142857142856
0.07857142857142856
0.5325396825396825
0.8354365079365079
0.4479761904761904
1.0
0.5758730158730159
1.0
0.7904365079365079
0.5000000000000001
0.2629761904761905
1.0
1.0
1.0
0.30297619047619045
0.6818253968253967
0.5408333333333333
0.5430952380952381
1.0
0.02857142857142857
0.14666666666666667
0.8154365079365078
0.19416666666666665
0.8521031746031745
0.8928571428571428
1.0
1.0
0.575
0.8875
1.0
0.8354365079365079
1.0
0.6082142857142857
0.6926190476190476
0.4230952380952381
0.2785714285714286
0.9761904761904762
0.43214285714285716
1.0
0.4425
0.5430952380952381
0.03428571428571429
0.55
0.866388888888889
1.0
0.8041666666666667
1.0
0.48571428571428577
0.6842063492063492
1.0
0.9093537414965985
0.37130952380952376
0.36944444444444446
0.7254365079365078
1.0
0.6296296296296297
0.8788888888888889
0.7555555555555555
0.866388888888889
0.8154365079365078
1.0
0.6042063492063492
0.3055555555555556
0.9333333333333332
0.9
0.3333333333333333
0.6541666666666666
0.5791666666666667
0.6791666666666667
1.0
0.5
0.7961904761904762
0.7961904761904762
0.9
0.6875
0.25
1.0
0.6388888888888888
0.37964285714285717
0.7968253968253968
0.6634920634920635
0.7675
0.5873015873015873
0.7071031746031746
0.355
0.6171031746031745
0.7327380952380952
0.745436507936508
0.27666666666666667
0.46642857142857136
1.0
0.125
0.6984126984126983
1.0
0.8875
0.12190476190476192
1.0
0.8644345238095237
0.5991666666666667
1.0
0.5142063492063491
1.0
0.8788888888888889
0.5926190476190476
0.8521031746031745
0.7327777777777778
0.7068253968253967
0.6799999999999999
0.5940476190476189
0.1961904761904762
0.5131944444444444
1.0
0.6961904761904762
0.49309523809523814
0.8154365079365078
0.7621031746031746
0.8521031746031745
0.9821428571428571
0.9266666666666665
0.41455026455026456
0.62
1.0
0.7166666666666668
0.7961904761904762
1.0
0.8788888888888889
0.21714285714285717
1.0
0.41666666666666663
0.5808730158730159
0.9666666666666666
0.7577777777777778
0.45
0.5308730158730158
1.0
1.0
0.3549382716049383
0.7842592592592591
0.6071428571428572
0.7434920634920634
0.13999999999999999
0.18055555555555555
0.7532142857142856
0.48
0.89
0.7571031746031747
1.0
0.611547619047619
0.866388888888889
0.36583333333333334
0.67
0.49071428571428566
0.4854166666666666
0.8773809523809524
0.6164285714285714
0.4407142857142857
0.611547619047619
0.6377777777777778
1.0
0.7621031746031746
1.0
0.3422222222222222
0.7892857142857143
1.0
0.671111111111111
0.7602678571428572
1.0
0.716111111111111
0.3645833333333333
1.0
0.5063095238095239
0.9325396825396826
0.8521031746031745
0.31555555555555553
0.95
0.6972222222222222
1.0
0.8761904761904761
0.3214285714285714
1.0
0.5877777777777778
0.6080952380952381
0.5877777777777778
1.0
0.31388888888888883
0.6527777777777778
0.7675
0.6042063492063492
0.8954648526077096
0.21111111111111108
0.29444444444444445
0.355
0.269973544973545
1.0
0.7222222222222222
0.5392857142857143
0.668452380952381
0.6125396825396825
0.5599999999999999
0.6671031746031746
0.6791666666666667
0.48809523809523814
1.0
0.4425
0.9
0.835
0.5000000000000001
0.4663095238095238
0.475
1.0
1.0
0.8788888888888889
0.28174603174603174
0.7254365079365078
0.89
0.7621031746031746
1.0
0.6083333333333333
0.7068253968253967
0.6634920634920635
0.8711111111111111
1.0
0.5
0.09166666666666667
0.6125396825396825
0.9
0.8766666666666666
0.89
0.7532142857142856
0.5249999999999999
0.7763888888888889
0.7071031746031746
0.3296428571428572
0.8055555555555555
0.24841269841269842
0.5283730158730158
0.5297619047619049
0.8333333333333333
0.6666666666666666
0.8083333333333332
0.29861111111111105
0.8261904761904761
0.325
1.0
0.3563095238095238
0.6582142857142856
1.0
1.0
0.5666666666666667
1.0
0.7904365079365079
0.8154365079365078
0.375
0.7763888888888889
0.7555555555555555
1.0
0.691547619047619
0.7904365079365079
0.5833333333333333
0.95
0.34809523809523807
0.5416666666666667
0.7532142857142856
0.3333333333333333
0.7904365079365079
0.12333333333333334
0.2344444444444444
0.5747619047619048
0.6171031746031745
0.5833333333333333
0.8083333333333333
0.5282142857142857
0.2822222222222222
0.8333333333333333
1.0
0.5449999999999999
0.3047619047619048
0.6666666666666666
0.7763888888888889
0.5142063492063491
0.6468253968253967
0.961734693877551
1.0
0.3944444444444445
0.3430952380952381
0.4155555555555555
0.29861111111111105
0.7577777777777778
0.9484126984126983
0.25
0.3013095238095238
0.9
0.7763888888888889
0.7555555555555555
0.7268253968253967
0.5208333333333334
1.0
0.8766666666666666
0.9305555555555555
0.4363095238095238
0.7577777777777778
0.2822222222222222
0.6458333333333333
0.7071031746031746
1.0
1.0
0.6258730158730159
1.0
0.7327777777777778
0.46642857142857136
0.7476190476190475
1.0
1.0
0.6777777777777778
0.9484126984126983
0.3814285714285714
0.9028571428571428
0.41666666666666663
0.8
0.3333333333333333
1.0
0.6574074074074074
0.5830952380952381
0.8354365079365079
0.4
0.5833333333333333
1.0
0.29333333333333333
0.4841666666666667
0.14666666666666667
0.5975396825396825
0.6592063492063491
0.6377777777777778
0.03888888888888888
0.4680952380952381
0.9
1.0
0.5142063492063491
0.5247619047619048
0.2253968253968254
0.46499999999999997
0.6884920634920634
0.7763888888888889
0.6791666666666667
0.89
0.7763888888888889
0.5833333333333333
0.37666666666666665
0.6770833333333334
0.8521031746031745
0.38416666666666666
0.7532142857142856
0.5458730158730158
0.8333333333333333
0.5758730158730159
0.6164285714285714
0.6458730158730158
0.7999999999999999
0.9
0.6708730158730158
0.11607142857142856
0.7470238095238095
0.696111111111111
0.6308730158730158
0.34809523809523807
0.11666666666666665
1.0
0.5314285714285714
0.4430952380952381
0.7904365079365079
0.40299823633156967
0.7412257495590828
0.16063492063492063
0.7004365079365078
0.40630952380952373
0.866388888888889
0.5984920634920635
0.8354365079365079
0.9704861111111112
0.95
0.7621031746031746
1.0
0.671111111111111
1.0
0.25047619047619046
1.0
0.6220238095238095
0.7571031746031747
0.9
0.5595238095238095
1.0
0.822767857142857
0.7763888888888889
0.8541666666666666
0.7904365079365079
0.3196428571428571
0.4958730158730159
0.8773809523809524
0.8788888888888889
1.0
0.9
0.8333333333333333
1.0
0.29174603174603175
0.8166666666666667
1.0
0.7176366843033509
1.0
0.256031746031746
0.4572222222222222
0.8154365079365078
0.6258730158730159
0.6226190476190476
0.89
0.419047619047619
0.8333333333333333
0.736547619047619
1.0
0.3096428571428571
0.8055555555555555
0.7705357142857143
1.0
0.6666666666666666
1.0
0.75
1.0
0.75
0.7579365079365079
0.6366666666666667
0.6607142857142857
0.8333333333333333
1.0
0.5178571428571428
0.6842063492063492
1.0
0.5133333333333333
1.0
0.19416666666666665
0.9085317460317459
0.4655555555555555
0.8154365079365078
0.3322222222222222
0.8
0.38222222222222224
0.745436507936508
0.8521031746031745
0.7763888888888889
0.8354365079365079
0.8178571428571427
0.2592592592592593
1.0
0.8521031746031745
0.7268253968253967
0.45
0.9
0.8416666666666667
1.0
0.4326984126984127
0.7595238095238095
0.866388888888889
0.6308730158730158
0.5714285714285714
0.625
0.8095238095238094
0.05833333333333333
0.5830952380952381
0.7
0.4608465608465609
0.7662698412698413
0.5833333333333333
0.8875
0.9
0.45083333333333336
0.3655555555555555
0.4825396825396825
0.95
1.0
0.6083333333333333
0.3716666666666667
0.4746031746031746
0.89
0.40630952380952373
0.89
0.5184920634920636
0.5000000000000001
0.4597619047619047
0.6708730158730158
0.8968253968253969
1.0
0.9761904761904762
0.45083333333333336
0.866388888888889
0.7555555555555555
0.5595238095238095
1.0
0.09999999999999999
0.9
0.8141975308641975
0.8541666666666666
0.9379251700680271
0.3396428571428572
0.41944444444444445
0.16083333333333333
0.5830687830687831
0.3571428571428571
0.4863095238095238
0.6258730158730159
0.7904365079365079
0.6592063492063491
0.2750793650793651
0.7988095238095237
1.0
1.0
0.8857142857142858
0.8055555555555555
0.6242063492063492
0.9093537414965985
0.8354365079365079
0.5308730158730158
0.5715277777777777
0.42297619047619045
0.9761904761904762
0.736547619047619
0.4958730158730159
0.7675
1.0
0.3255555555555556
0.9
0.3238095238095238
0.6268253968253967
0.5508730158730158
0.5142063492063491
0.8467813051146383
0.9666666666666666
0.4895061728395061
0.8788888888888889
0.6565476190476189
1.0
0.7607709750566893
0.9484126984126983
1.0
0.8521031746031745
0.5833333333333333
0.524047619047619
0.8099999999999999
0.2861111111111111
1.0
1.0
0.7823412698412698
0.75
0.89
0.7000000000000001
0.716547619047619
0.6283333333333333
0.4864285714285714
1.0
0.8444444444444444
0.6468253968253967
1.0
0.1761904761904762
0.6468253968253967
1.0
0.5666666666666667
0.9704861111111112
0.3944444444444445
0.5783333333333334
0.7100000000000001
0.5
0.8766666666666666
0.89
0.8354365079365079
0.7254365079365078
0.6805555555555555
0.4979761904761905
0.125
0.2796428571428572
0.9166666666666666
0.8206845238095237
0.716111111111111
0.265079365079365
0.3055555555555555
0.5475396825396825
0.2652777777777778
0.24841269841269842
0.29166666666666663
0.8552579365079365
0.5758730158730159
0.9761904761904762
0.2095238095238095
0.19833333333333333
1.0
0.075
0.3930952380952381
0.36269841269841263
0.1933333333333333
0.8178571428571427
0.7666666666666666
0.5
0.4444444444444444
0.6458333333333333
0.6083333333333333
1.0
0.7621031746031746
0.745436507936508
0.5
0.7166666666666668
0.41071428571428575
0.4958333333333333
0.5428571428571429
1.0
0.8154365079365078
0.53
0.5541666666666667
1.0
0.3263095238095238
0.7621031746031746
1.0
0.89
1.0
0.8261904761904761
0.46499999999999997
0.8521031746031745
1.0
0.5808730158730159
0.38749999999999996
0.7763888888888889
0.7268253968253967
0.7595238095238095
0.6018253968253967
0.8333333333333333
0.7321428571428571
0.8521031746031745
1.0
0.5808730158730159
0.8521031746031745
0.6527777777777778
0.4703703703703703
0.7958333333333334
0.7155328798185941
1.0
0.7571031746031747
1.0
0.89
0.9325396825396826
0.7904365079365079
0.5535714285714285
0.2261904761904762
0.7142857142857144
0.4714285714285714
0.3414285714285714
0.716111111111111
0.4174603174603175
0.7555555555555555
0.3
0.9
0.3125
0.671111111111111
0.5089285714285714
0.08273809523809524
0.628747795414462
0.4407142857142857
0.4647619047619048
0.38222222222222224
0.7884920634920635
0.38055555555555554
0.8611111111111112
0.35178571428571426
0.4055555555555555
0.6484920634920635
0.8773809523809524
0.716547619047619
0.6984126984126983
0.4314285714285714
0.6777777777777778
0.8954648526077096
0.591111111111111
0.48395061728395056
0.3096428571428571
0.1111111111111111
0.8095238095238094
0.5577777777777777
0.7904365079365079
0.5533333333333333
0.5107142857142858
0.3763095238095238
0.8333333333333334
0.1269047619047619
0.5833333333333333
1.0
0.5940476190476189
0.5926190476190476
0.6791666666666667
1.0
1.0
1.0
0.6361111111111111
0.9093537414965985
1.0
0.6791666666666667
1.0
0.8333333333333334
0.8761904761904761
0.7976190476190476
0.36476190476190473
0.5684920634920634
0.3102040816326531
0.3055555555555556
0.9428571428571428
1.0
0.89
0.5714285714285714
0.7555555555555555
0.8333333333333333
0.6527777777777778
0.8521031746031745
0.5
0.8788888888888889
1.0
0.4163095238095238
0.35
0.5014285714285714
0.6388888888888888
0.8354365079365079
1.0
0.5782142857142857
0.8099999999999999
0.6386243386243386
0.2011904761904762
0.15079365079365079
0.6708730158730158
0.4225
0.885
0.9150793650793649
0.22174603174603175
0.34630952380952384
0.1661904761904762
0.6666666666666666
0.31269841269841264
0.418095238095238
0.9305555555555555
1.0
0.7071031746031746
0.9379251700680271
1.0
1.0
0.0665079365079365
0.8631519274376417
0.5978835978835979
0.75
0.89
0.89
0.7976190476190476
0.671111111111111
0.8260204081632653
0.7095238095238094
0.8041666666666667
0.19
0.8333333333333333
1.0
0.8419753086419752
0.3716666666666667
0.4958333333333333
0.8354365079365079
1.0
0.7571031746031747
0.9761904761904762
1.0
0.866388888888889
0.37476190476190474
1.0
0.45809523809523806
0.5
0.9626543209876544
0.05
0.716111111111111
0.27666666666666667
0.866388888888889
0.8521031746031745
0.6484920634920635
0.9129251700680271
0.6818253968253967
0.616111111111111
0.4716666666666667
0.9704861111111112
0.6083333333333333
0.7486394557823128
0.6981481481481482
0.8521031746031745
0.27666666666666667
1.0
0.7904365079365079
0.37269841269841264
1.0
0.5333333333333333
0.7892857142857143
0.16666666666666666
0.5208333333333334
0.8154365079365078
0.8163265306122449
0.8354365079365079
0.66005291005291
0.89
1.0
0.9111111111111111
0.25
0.8761904761904761
1.0
0.6777777777777778
0.5652777777777778
0.89
0.5666666666666667
1.0
0.2750793650793651
0.7878306878306877
0.6377777777777778
0.8541666666666666
0.234375
0.8333333333333334
0.3563095238095238
1.0
1.0
0.7875
0.28271604938271605
0.7254365079365078
0.549047619047619
0.6283333333333333
1.0
0.5658333333333333
0.2828571428571428
0.736547619047619
0.4825396825396825
0.788888888888889
1.0
0.5508730158730158
0.7607709750566893
0.9087301587301587
0.5063095238095239
0.5940476190476189
0.42297619047619045
0.9305555555555555
0.3814285714285714
1.0
0.8521031746031745
0.8666666666666667
0.3567901234567901
1.0
1.0
0.7575837742504408
0.5614583333333333
0.3333333333333333
0.40277777777777773
0.4196428571428571
0.7004365079365078
0.8333333333333333
0.6582142857142856
0.95
0.20317460317460317
0.7621031746031746
0.4163095238095238
1.0
0.9
0.78
0.8099999999999999
0.48
1.0
0.5107142857142858
0.89
0.6527777777777778
0.8521031746031745
0.7071031746031746
0.8354365079365079
1.0
0.8521031746031745
0.29888888888888887
1.0
0.89
0.7687074829931974
0.17539682539682538
0.696111111111111
0.5
0.4514285714285714
0.8521031746031745
0.125
0.3412698412698413
0.1425
0.21527777777777776
0.4477513227513228
1.0
1.0
0.67
0.37964285714285706
0.866388888888889
0.5882936507936508
0.671111111111111
0.6666666666666666
0.41500000000000004
0.8521031746031745
0.24
0.40499999999999997
0.3713095238095238
0.3414285714285714
0.6388888888888888
0.32440476190476186
0.48
1.0
0.1552777777777778
0.1523809523809524
1.0
0.9
0.34809523809523807
0.666156462585034
0.9093537414965985
0.75
0.745436507936508
0.8412257495590829
1.0
0.5908730158730158
1.0
0.8154365079365078
1.0
0.716111111111111
0.55
0.6083333333333333
0.8099999999999999
0.5621693121693121
1.0
0.9093537414965985
0.7071031746031746
0.7571031746031747
0.7100000000000001
1.0
1.0
0.4563095238095237
0.6361111111111111
0.736547619047619
0.38976190476190475
0.7071031746031746
0.45
1.0
1.0
0.3655555555555556
0.5984920634920635
0.6567901234567901
0.8954648526077096
0.5555555555555555
1.0
0.6083333333333333
0.7051587301587302
0.2984126984126984
0.8260204081632653
1.0
0.8163265306122449
0.9067956349206348
1.0
1.0
0.7100000000000001
0.45476190476190476
0.2222222222222222
1.0
0.05833333333333333
0.866388888888889
0.30952380952380953
0.788888888888889
0.7823412698412698
0.8099999999999999
0.9484126984126983
0.95
0.48888888888888893
0.5577777777777777
0.8555555555555555
0.5000000000000001
0.5416666666666667
0.8055555555555555
0.4979761904761905
0.8521031746031745
0.4972222222222221
0.5297619047619049
0.33238095238095233
0.33201058201058203
0.12607142857142856
0.6071428571428572
0.5
0.75
0.5888888888888889
0.4833333333333333
0.8788888888888889
1.0
0.39916666666666667
0.67
0.6080952380952381
0.7675
0.6708730158730158
0.6083333333333333
0.7071031746031746
0.28055555555555556
0.125
0.6565476190476189
0.7004365079365078
0.8154365079365078
0.6592063492063491
0.8166666666666667
0.4407142857142857
1.0
0.8555555555555555
0.7602678571428572
0.5747619047619048
0.9
0.3196428571428571
0.8782627865961198
0.5508730158730158
0.6192857142857143
0.4058333333333334
0.6634920634920635
0.5761022927689594
0.7763888888888889
0.6268253968253967
0.25317460317460316
0.7532142857142856
1.0
0.36476190476190473
0.3296428571428571
0.4597619047619047
0.8354365079365079
0.4597619047619048
0.4861111111111111
0.5008730158730159
1.0
0.31726190476190474
0.034722222222222224
0.2861111111111111
0.2828571428571428
0.7388888888888888
0.7532142857142856
0.4491666666666666
0.4479761904761904
0.9060405643738976
0.7071031746031746
0.5333333333333333
0.3255555555555556
0.8788888888888889
0.3896428571428572
0.7345238095238096
0.17333333333333334
0.5908730158730158
0.8875
1.0
0.33730158730158727
0.8788888888888889
0.6377777777777778
1.0
0.78
0.30694444444444446
0.42642857142857143
0.5833333333333333
0.2921957671957672
0.2261904761904762
1.0
1.0
0.5877777777777778
0.4216666666666667
0.6984126984126983
0.5349702380952381
0.5880952380952381
0.24555555555555558
0.7621031746031746
0.8282627865961198
0.49833333333333324
0.5792063492063492
0.8788888888888889
0.5380952380952382
0.3333333333333333
0.7749999999999999
1.0
0.49309523809523814
0.8788888888888889
0.6557142857142857
0.5603174603174603
1.0
0.15416666666666665
0.37722222222222224
0.745436507936508
0.5458730158730158
1.0
0.5416666666666666
0.5077777777777779
0.6160714285714286
0.9166666666666666
0.7100000000000001
0.8788888888888889
0.8354365079365079
0.6791666666666667
0.4383333333333333
0.7571031746031747
0.7571031746031747
0.37130952380952376
1.0
0.8788888888888889
1.0
0.9
0.44642857142857145
0.27166666666666667
0.8260204081632653
0.85
0.3167800453514739
0.89
0.3572222222222222
0.8954648526077096
0.4663095238095238
0.5684920634920634
0.4147619047619048
0.33730158730158727
0.89
0.2357142857142857
0.41666666666666663
0.6469246031746031
1.0
0.8875
0.89
0.5792063492063492
0.7904365079365079
0.5264285714285715
0.3229761904761905
0.62
0.38976190476190475
0.866388888888889
1.0
0.7004365079365078
0.5975396825396825
0.6582142857142856
0.08357142857142856
0.5000000000000001
0.9
0.45
0.41666666666666663
0.40809523809523807
0.2111111111111111
0.44630952380952377
0.3866666666666666
0.41666666666666663
0.3226984126984127
0.22285714285714286
0.8354365079365079
0.8521031746031745
1.0
0.745436507936508
0.8154365079365078
0.43420634920634915
0.9
0.3738888888888888
0.6916666666666667
0.9428571428571428
0.6416666666666666
0.29555555555555557
0.5
0.5184920634920636
0.5458730158730158
0.89
0.8329931972789115
1.0
1.0
0.045
0.75
1.0
0.8666666666666667
0.89
0.5740740740740741
0.6641369047619048
0.7763888888888889
1.0
1.0
0.8
1.0
1.0
0.1852777777777778
0.6283333333333333
0.5
1.0
0.866388888888889
0.696111111111111
0.62
0.7904365079365079
0.6388888888888888
0.19444444444444442
0.8766666666666666
0.7968253968253968
0.2161904761904762
0.78
0.40476190476190477
0.3763095238095238
1.0
0.8
0.7324514991181658
1.0
0.866388888888889
0.6708730158730158
1.0
0.7904365079365079
0.729591836734694
0.5857142857142857
0.89
0.7345238095238096
0.24333333333333332
0.32666666666666666
1.0
0.15773809523809523
0.23464285714285715
1.0
0.18285714285714286
0.8333333333333333
0.7878306878306877
0.7604166666666666
0.24
0.7824514991181658
0.7071031746031746
0.6349206349206349
0.7857142857142857
0.716111111111111
0.7268253968253967
0.625
0.7313492063492063
0.6164285714285714
0.5830952380952381
0.38888888888888884
0.4225
0.316031746031746
0.42857142857142855
0.25
0.8788888888888889
1.0
1.0
0.7961640211640211
0.3333333333333333
0.7904365079365079
0.7701388888888888
0.6791666666666667
0.8521031746031745
0.6042063492063492
0.7071031746031746
0.7555555555555555
0.5184920634920636
1.0
0.5
0.6708730158730158
0.716547619047619
0.3055555555555556
1.0
0.2202380952380952
1.0
0.8
0.671111111111111
0.6080952380952381
0.3755555555555556
0.9626543209876544
1.0
0.5625396825396825
0.38095238095238093
0.5747619047619048
0.6666666666666666
0.691547619047619
0.8
1.0
0.9129251700680271
0.6309523809523809
0.8154365079365078
0.37476190476190474
0.37130952380952376
0.6242063492063492
0.788888888888889
0.41809523809523813
0.6527777777777778
0.3333333333333333
0.6592063492063491
0.8626543209876544
0.75
0.125
0.7571031746031747
0.5
0.2876984126984127
0.5782142857142857
0.5857142857142856
0.5383333333333333
1.0
0.9666666666666666
1.0
0.6875
0.41666666666666663
0.8788888888888889
0.78
0.668694885361552
0.22888888888888886
0.8788888888888889
0.5063095238095239
0.8467813051146383
0.7268253968253967
1.0
1.0
0.75
0.4222222222222222
0.5
0.13166666666666665
0.4888888888888889
0.5833333333333333
0.18333333333333335
0.5857142857142856
1.0
0.7004365079365078
0.5808730158730159
0.8521031746031745
0.5380952380952382
0.29888888888888887
0.7434920634920634
0.6916666666666667
0.8788888888888889
0.7254365079365078
0.26674603174603173
0.6671031746031746
0.8055555555555555
1.0
0.3551587301587301
0.5416666666666667
1.0
0.78
1.0
0.4583333333333333
1.0
0.7763888888888889
0.89
0.19
0.3666666666666667
0.21666666666666665
0.15944444444444444
0.8788888888888889
0.31388888888888883
1.0
0.5164285714285715
0.35555555555555557
0.25
0.7722222222222221
0.5
0.8521031746031745
0.7071031746031746
0.29444444444444445
0.5075000000000001
0.8788888888888889
0.4407142857142857
0.89
0.6458730158730158
0.591111111111111
0.26269841269841265
0.23047619047619045
0.10952380952380951
0.7051587301587302
0.6916666666666667
0.6582142857142856
0.12222222222222223
0.9060405643738976
0.7861904761904762
0.9428571428571428
0.8333333333333333
0.45464285714285707
0.35583333333333333
0.95
0.7884920634920635
0.7176366843033509
0.4225
0.7801587301587302
0.5833333333333333
0.6283333333333333
0.6595238095238095
0.7071031746031746
0.4928571428571428
0.5314285714285714
0.37130952380952376
0.38916666666666666
0.45147392290249433
0.8734126984126983
0.5133333333333333
0.7116666666666667
1.0
0.769047619047619
0.95
0.4476984126984126
1.0
0.41583333333333333
0.5857142857142856
0.7571031746031747
0.7068253968253967
0.9060405643738976
1.0
1.0
1.0
0.9317956349206349
0.7000000000000001
1.0
0.49338624338624343
0.8354365079365079
0.5880952380952381
0.4029761904761905
0.49309523809523814
0.7746031746031746
0.5535714285714285
0.7042063492063492
0.8761904761904761
1.0
0.7329365079365079
0.8541666666666666
0.49309523809523814
0.9166666666666666
0.21111111111111108
0.5555555555555555
0.9166666666666666
0.3588888888888889
0.7071031746031746
0.6377777777777778
0.5771825396825397
0.9704861111111112
0.8788888888888889
0.6049603174603174
1.0
0.8154365079365078
0.7713789682539682
0.1875
0.9
0.6377777777777778
0.2708333333333333
0.6671031746031746
0.5577777777777777
0.7226190476190476
0.7004365079365078
1.0
0.716111111111111
0.07539682539682539
0.75
0.5430952380952381
0.2714285714285714
0.5163095238095239
1.0
0.4666666666666666
0.34285714285714286
0.6818253968253967
1.0
0.7571031746031747
0.7571031746031747
1.0
0.75
1.0
0.4430952380952381
0.5015873015873016
0.6308730158730158
1.0
1.0
1.0
0.41500000000000004
0.8788888888888889
0.716547619047619
0.8788888888888889
0.25
0.46642857142857136
0.8736394557823128
0.8521031746031745
1.0
0.5888888888888889
0.6218253968253968
0.6557142857142857
0.15
0.8354365079365079
0.4979761904761905
1.0
0.6377777777777778
0.3238095238095238
0.35500000000000004
0.42063492063492064
0.78
1.0
0.25
1.0
0.8055555555555555
0.5981481481481481
0.5658730158730159
0.7904365079365079
1.0
0.08888888888888889
1.0
0.5830952380952381
0.5247619047619048
0.4758333333333334
1.0
1.0
1.0
0.43809523809523804
0.866388888888889
0.5758730158730159
0.7361111111111112
0.5908730158730158
0.5380952380952382
0.16314484126984127
1.0
0.95
1.0
0.788888888888889
0.6592063492063491
1.0
0.418095238095238
0.9028571428571428
0.8521031746031745
0.43476190476190474
0.3638888888888888
1.0
0.4925
0.7434920634920634
0.6484920634920635
1.0
0.40499999999999997
1.0
0.1852777777777778
0.7532142857142856
0.6268253968253967
0.5383333333333333
0.7621031746031746
1.0
0.7607709750566893
0.5758730158730159
0.7746031746031746
0.2344444444444444
1.0
0.47297619047619055
0.7068253968253967
1.0
0.45886243386243386
0.8761904761904761
0.8055555555555555
0.5142063492063491
1.0
0.6582142857142856
0.6388888888888888
0.3326984126984127
0.8338789682539682
0.7100000000000001
0.7571031746031747
0.8121315192743763
0.25
0.5380952380952382
1.0
0.4444444444444444
0.5
1.0
0.9159722222222222
0.3333333333333333
0.75
0.8666666666666667
0.7071031746031746
0.7
1.0
0.22730158730158728
0.5877777777777778
0.5728395061728394
0.1733333333333333
0.06999999999999999
0.5233333333333332
1.0
0.8788888888888889
0.6370370370370371
0.6592063492063491
0.7268253968253967
0.6964726631393297
0.7988095238095237
0.3333333333333333
0.29
0.7621031746031746
1.0
0.8521031746031745
0.5282142857142857
1.0
0.13051587301587303
0.8154365079365078
0.26587301587301587
0.7
0.5972789115646259
0.8833333333333333
0.6080952380952381
0.7004365079365078
0.8521031746031745
0.7071031746031746
0.23174603174603173
0.8154365079365078
0.5676190476190476
1.0
1.0
0.925
0.6220238095238095
0.5773809523809523
0.6961904761904762
0.8734126984126983
0.7823412698412698
1.0
0.2851851851851852
1.0
0.7571031746031747
1.0
0.8
0.5792063492063492
0.5163095238095239
0.89
0.6770833333333334
0.7434920634920634
0.4041666666666666
0.866388888888889
0.6377777777777778
0.8521031746031745
0.4463095238095239
0.6377777777777778
0.7345238095238096
0.28888888888888886
0.7708333333333333
0.7031746031746031
0.866388888888889
0.24074074074074073
0.708390022675737
0.21000000000000002
0.4425
0.8521031746031745
1.0
0.1925925925925926
0.3044444444444444
0.6569444444444444
0.3013095238095238
0.46761904761904755
0.78
0.89
0.36269841269841263
0.5940476190476189
0.4363095238095238
0.7392857142857142
0.8354365079365079
0.5819444444444444
1.0
0.6861904761904762
0.5258333333333334
1.0
0.26
0.6242063492063492
0.42642857142857143
0.8521031746031745
0.9166666666666666
1.0
1.0
1.0
1.0
0.8154365079365078
1.0
0.6125396825396825
1.0
0.5075000000000001
0.5175396825396825
0.810515873015873
0.3433333333333333
1.0
1.0
0.4058333333333334
1.0
0.34174603174603174
0.3921957671957672
0.5592857142857144
0.8521031746031745
0.29166666666666663
0.6377777777777778
0.42642857142857143
0.5906084656084656
0.7555555555555555
0.8761904761904761
0.3044444444444444
0.7904365079365079
0.33730158730158727
0.591111111111111
0.49259259259259264
0.5175396825396825
0.3833333333333333
1.0
0.6125396825396825
0.23174603174603173
1.0
0.061111111111111116
0.7004365079365078
1.0
0.3625
0.5308730158730158
0.4625
0.7571031746031747
0.95
0.2861111111111111
0.8354365079365079
1.0
1.0
1.0
1.0
0.7571031746031747
0.4920634920634921
1.0
0.7644345238095237
0.16619047619047617
0.6844246031746032
0.671111111111111
0.5
0.9166666666666666
0.19666666666666666
1.0
0.866388888888889
0.9467813051146384
0.5845238095238094
0.599702380952381
0.3638888888888889
0.07222222222222222
0.3755555555555556
0.14285714285714285
0.8802579365079365
0.8521031746031745
0.5133333333333333
0.2893650793650793
0.14583333333333331
0.8154365079365078
0.5
0.6377777777777778
0.6455357142857143
0.8154365079365078
0.6484920634920635
0.8888888888888888
0.6875
0.716111111111111
0.46571428571428564
0.8521031746031745
0.89
0.7675
1.0
0.5758730158730159
0.8521031746031745
0.5940476190476189
1.0
0.7113095238095237
0.7068253968253967
0.22111111111111112
0.4716666666666667
0.7904365079365079
0.6082142857142857
0.27678571428571425
0.6125396825396825
1.0
0.5541666666666667
0.21527777777777776
0.7222222222222222
0.8788888888888889
0.49309523809523814
0.7545918367346939
0.35809523809523813
0.6458730158730158
0.95
0.33416666666666667
0.4774999999999999
0.9150793650793649
0.4655555555555555
1.0
0.5808730158730159
0.6164285714285714
0.3833333333333333
0.8412698412698413
0.41666666666666663
0.26490299823633157
0.5075000000000001
0.691547619047619
0.35583333333333333
0.9166666666666666
0.31746031746031744
0.45
0.7621031746031746
0.9150793650793649
0.9166666666666666
0.6458730158730158
0.1406349206349206
1.0
0.17777777777777778
0.3084126984126984
0.7071031746031746
0.7701388888888888
0.21995464852607707
0.8521031746031745
0.36
1.0
0.2488095238095238
0.41500000000000004
0.49071428571428566
0.7004365079365078
0.6592857142857144
0.8788888888888889
0.9821428571428571
0.8521031746031745
0.8788888888888889
0.47976190476190483
0.3029982363315697
0.7071031746031746
0.696111111111111
0.89
0.7327777777777778
0.6708730158730158
0.7611111111111111
0.5077777777777779
1.0
1.0
0.6671031746031746
0.3196428571428571
0.8875
0.7571031746031747
1.0
0.9
0.9526289682539681
1.0
1.0
1.0
0.6377777777777778
0.5666666666666667
0.8521031746031745
0.14384920634920634
0.33055555555555555
0.7327777777777778
0.7345238095238096
1.0
0.22174603174603175
0.3458333333333333
0.3755555555555556
0.3922222222222222
0.866388888888889
0.7068253968253967
0.7571031746031747
0.2928571428571428
0.37797619047619047
0.7455357142857143
0.31297619047619046
0.46499999999999997
0.9166666666666666
0.8755456349206348
0.3705555555555556
0.4308333333333333
1.0
1.0
0.41666666666666663
0.5226190476190476
0.4891666666666666
1.0
0.4774999999999999
0.6770833333333334
0.9325396825396826
1.0
0.8099999999999999
0.8354365079365079
0.7571031746031747
0.8788888888888889
0.3333333333333333
0.9060405643738976
0.6258730158730159
0.5000000000000001
0.7071031746031746
0.4155555555555555
0.20666666666666664
0.7068253968253967
0.9526289682539681
0.8354365079365079
0.43333333333333335
0.1552777777777778
0.9266666666666665
0.5888888888888889
0.4563095238095237
0.5888888888888889
1.0
0.6082142857142857
0.4479761904761904
0.3363095238095238
0.2
0.6308730158730158
0.3730952380952381
0.5475396825396825
0.7577777777777778
0.4047619047619047
0.2095238095238095
0.5249999999999999
0.4680952380952381
0.6
0.7004365079365078
0.3730952380952381
1.0
0.4611111111111111
0.4308333333333333
0.6283333333333333
0.8441043083900226
1.0
0.89
0.9333333333333332
0.4008333333333334
0.4647619047619048
0.5714285714285714
0.6308730158730158
0.8154365079365078
1.0
0.745436507936508
0.35583333333333333
1.0
0.12857142857142856
0.8
0.31519274376417233
1.0
0.9166666666666666
1.0
0.3584126984126984
0.8121315192743763
0.9682539682539683
0.4708333333333334
0.20174603174603173
0.5097619047619047
1.0
0.6791666666666667
0.8333333333333333
0.4891666666666666
0.5264285714285715
0.866388888888889
0.6856701940035274
0.89
0.30964285714285716
0.19270833333333331
0.8928571428571428
0.7042063492063492
0.418095238095238
0.6805996472663138
1.0
0.24285714285714288
0.5975396825396825
0.78
0.6791666666666667
0.6671031746031746
1.0
0.6242063492063492
0.5563095238095238
0.9060405643738976
0.7577777777777778
0.3388888888888889
0.6641369047619048
0.08607142857142858
0.5782142857142857
0.716111111111111
0.961734693877551
1.0
0.2988095238095238
0.7226190476190476
0.4216666666666667
0.5666666666666667
0.513095238095238
0.49555555555555547
0.22063492063492066
0.8521031746031745
0.3229761904761905
0.4675396825396826
0.5347619047619048
0.3058333333333333
0.6164285714285714
1.0
0.6365476190476189
1.0
1.0
0.07722222222222222
0.11111111111111112
0.7801587301587302
0.5142063492063491
0.4761904761904762
0.2019047619047619
0.89
0.3075396825396825
0.9484126984126983
0.25659722222222225
0.37003968253968256
0.3655555555555555
0.29555555555555557
0.6875
0.788888888888889
0.8521031746031745
0.7071031746031746
0.8041666666666667
0.9067956349206348
0.2888888888888889
0.8521031746031745
0.5
1.0
0.48245149911816576
0.875
0.5
0.9428571428571428
1.0
0.961734693877551
0.6171031746031745
0.8099999999999999
0.5497619047619048
0.5908730158730158
0.925
0.3638888888888888
0.20174603174603173
0.8875
0.9
1.0
0.8154365079365078
0.7268253968253967
0.5947278911564625
0.5475396825396825
0.671111111111111
0.09027777777777778
0.7333333333333333
0.7835317460317459
0.6258730158730159
0.8486111111111111
0.9428571428571428
0.5327380952380952
0.6818253968253967
0.263668430335097
0.7602678571428572
0.5577777777777777
0.7254365079365078
1.0
0.49071428571428566
1.0
0.5658730158730159
0.52
0.25
0.5408333333333333
0.2750793650793651
0.4583333333333333
0.5630952380952381
0.8333333333333333
0.6361111111111111
1.0
0.6
0.5783333333333334
0.5738095238095239
1.0
0.8055555555555555
0.285
0.866388888888889
0.6242063492063492
0.5984920634920635
0.160515873015873
0.6366666666666667
0.5658333333333333
0.14200680272108843
0.5475396825396825
0.8055555555555555
0.8099999999999999
0.6083333333333333
0.46333333333333326
0.4329761904761904
0.1869047619047619
1.0
0.9
0.5233333333333332
0.3571428571428571
0.9093537414965985
0.5
0.4891666666666666
0.6486111111111111
0.6037202380952381
0.7259259259259259
0.8788888888888889
0.26666666666666666
0.2525573192239859
0.711111111111111
0.3472222222222222
0.45539682539682536
0.8261022927689594
0.8333333333333333
1.0
0.4563095238095237
0.9821428571428571
1.0
0.6530864197530865
0.29603174603174603
1.0
0.8766666666666666
1.0
0.5991666666666667
0.49309523809523814
0.03888888888888888
1.0
0.8528571428571429
0.4430952380952381
0.1625
0.3422222222222222
0.736547619047619
0.6091836734693877
0.8303571428571428
0.9666666666666666
0.8041666666666667
1.0
0.5833333333333333
0.075
1.0
0.2596428571428572
0.7579365079365079
0.8333333333333333
0.23888888888888885
0.7004365079365078
0.5541666666666667
0.21666666666666665
1.0
1.0
0.5625396825396825
0.373015873015873
0.6634920634920635
0.8875
1.0
0.8055555555555555
0.34809523809523807
0.9317956349206349
0.5797619047619048
0.6679138321995465
0.37249999999999994
0.89
1.0
0.7327777777777778
0.9761904761904762
0.7333333333333333
0.4383333333333333
0.7434920634920634
0.5
0.3206349206349206
0.8333333333333333
0.5975396825396825
0.2722222222222222
0.8354365079365079
0.3255555555555556
0.4063492063492063
1.0
1.0
0.6777777777777778
0.7555555555555555
0.7843537414965985
0.6557142857142857
0.537037037037037
0.5238095238095237
0.5940476190476189
0.6818253968253967
1.0
1.0
0.6166666666666666
0.7
0.524047619047619
0.3555555555555555
0.5940476190476189
0.7675
0.9704861111111112
0.9282627865961199
0.418095238095238
0.62
0.7687074829931974
0.5758730158730159
0.5833333333333333
0.6018253968253967
0.4726984126984126
0.6468253968253967
0.9
0.716111111111111
0.4891666666666666
1.0
0.5
0.5038690476190476
0.8755456349206348
0.7031746031746031
0.7375850340136055
0.48476190476190484
0.8521031746031745
0.6818253968253967
0.4246031746031746
0.5758730158730159
0.7000000000000001
0.89
0.7000000000000001
0.5325396825396825
0.040625
0.8788888888888889
1.0
0.7254365079365078
0.8099999999999999
0.8521031746031745
1.0
0.9159722222222222
0.325
0.7068253968253967
0.6582142857142856
0.7763888888888889
0.3333333333333333
0.95
0.8788888888888889
0.5325396825396825
0.6458333333333333
0.639047619047619
0.6791666666666667
0.8
0.8055555555555555
0.6083333333333333
0.8766666666666666
0.4083333333333333
0.5975396825396825
0.45
0.7904365079365079
0.7675
0.8521031746031745
1.0
0.9444444444444445
0.8875
0.95
0.6732142857142857
0.8055555555555555
0.7288690476190476
0.5025
0.8166666666666667
0.35178571428571426
0.25
0.3338095238095238
0.5428571428571429
1.0
0.8106150793650793
0.55
0.8333333333333333
0.24603174603174605
0.4041666666666666
0.418095238095238
0.7071031746031746
0.8788888888888889
0.225
0.5449999999999999
0.6171031746031745
0.716111111111111
0.65
0.7009700176366843
0.8766666666666666
0.5
0.6592063492063491
0.6592063492063491
0.8766666666666666
0.6078869047619048
0.8333333333333333
0.4972789115646258
1.0
0.25
0.4258333333333333
0.48809523809523814
0.40630952380952373
0.3333333333333333
1.0
0.0
0.3993650793650793
1.0
0.33214285714285713
1.0
0.9484126984126983
0.7555555555555555
0.7904365079365079
0.4163095238095238
0.5666666666666667
0.5333333333333333
1.0
0.8338789682539682
0.6333333333333333
0.3322222222222222
1.0
0.3543650793650793
0.95
0.89
0.639047619047619
1.0
0.8099999999999999
1.0
0.89
0.9
0.78
0.645
0.45952380952380956
0.8467813051146383
0.6329931972789116
0.5792063492063492
0.7726190476190476
0.7345238095238096
0.4105555555555555
0.5075000000000001
1.0
0.6557142857142857
0.5208333333333334
1.0
0.16333333333333333
0.6634920634920635
0.7071031746031746
1.0
0.8788888888888889
0.9266666666666665
0.4008333333333334
0.5258333333333334
0.27579365079365076
0.6295238095238095
0.5666666666666667
0.639047619047619
0.4422222222222222
0.3713095238095238
0.4397619047619047
0.6018253968253967
0.7532142857142856
0.8521031746031745
1.0
1.0
0.7763888888888889
0.5925170068027211
0.6079365079365079
0.4714285714285714
1.0
1.0
0.6428571428571428
0.6083333333333333
0.4680952380952381
0.5063095238095239
0.8154365079365078
0.5977777777777777
0.325079365079365
0.7675
0.959375
0.7068253968253967
0.8788888888888889
0.16666666666666666
0.8333333333333333
0.5000000000000001
0.05
1.0
1.0
0.5308730158730158
0.6625
0.48476190476190484
0.3211111111111111
0.21063492063492065
0.5277777777777778
0.9317956349206349
0.24714285714285716
0.6268253968253967
0.696111111111111
0.75
0.7708333333333333
0.25
1.0
0.25555555555555554
0.6383928571428572
1.0
0.7180555555555554
0.23333333333333334
0.8521031746031745
0.5607142857142857
0.9
0.5975396825396825
0.7904365079365079
0.9484126984126983
0.5247619047619048
0.5000000000000001
0.9583333333333334
0.8843537414965985
0.6961904761904762
0.41666666666666663
0.31297619047619046
0.5888888888888889
0.6377777777777778
0.5566326530612244
0.27111111111111114
0.3484126984126984
0.40309523809523806
0.7545918367346939
0.7434920634920634
0.0
0.4530952380952381
0.4675396825396826
1.0
1.0
0.7904365079365079
0.8154365079365078
0.7327777777777778
0.4822751322751322
0.4166666666666667
1.0
1.0
0.34809523809523807
0.3206349206349206
0.6267857142857143
0.6042063492063492
0.5977777777777777
0.9
0.827437641723356
1.0
0.6888888888888889
0.8041666666666667
1.0
0.38690476190476186
0.4444444444444444
0.5175396825396825
1.0
0.6242063492063492
1.0
0.716111111111111
0.7675
0.6468253968253967
0.5625396825396825
0.788888888888889
0.3613095238095238
0.8528571428571429
0.9150793650793649
0.936734693877551
0.6582142857142856
1.0
1.0
0.25
0.9
0.961734693877551
0.6080357142857142
0.2344444444444444
0.49232804232804234
0.41666666666666663
0.5625396825396825
0.6818253968253967
0.8788888888888889
1.0
1.0
0.4463095238095239
0.6268253968253967
0.8875
0.7835317460317459
0.4730952380952381
0.4979761904761905
0.8333333333333333
0.553125
0.5833333333333333
0.8761904761904761
1.0
0.37130952380952376
0.6082142857142857
0.8333333333333333
0.7295238095238095
0.28174603174603174
0.53
0.866388888888889
0.5660714285714287
0.9821428571428571
1.0
0.5059523809523809
0.6842063492063492
0.2761904761904762
0.8154365079365078
0.3391666666666666
0.6031746031746031
0.7071031746031746
1.0
0.75
0.9484126984126983
0.38
0.6968253968253969
0.49071428571428566
0.8521031746031745
0.45476190476190476
0.6527777777777778
0.7152777777777777
0.9
0.78
0.6087301587301587
0.89
0.7571031746031747
0.866388888888889
0.8333333333333333
0.375
1.0
0.8875
1.0
0.8240079365079365
0.866388888888889
0.9166666666666666
0.810515873015873
0.7763888888888889
0.6977777777777778
0.3591269841269841
0.5225
0.866388888888889
1.0
0.4333333333333333
0.8
0.7621031746031746
0.696111111111111
1.0
0.5314285714285714
0.1876984126984127
0.1595238095238095
0.8928571428571428
0.5599999999999999
0.21111111111111108
0.5464285714285715
0.89
0.2095238095238095
0.6749999999999999
1.0
0.8125
0.2963095238095238
0.9028571428571428
0.866388888888889
0.7333333333333333
0.7071031746031746
0.9
0.38976190476190475
0.39630952380952383
0.7438492063492065
0.8788888888888889
0.25
0.8666666666666667
0.75
0.8666666666666667
0.4375
1.0
0.5247619047619048
0.6458730158730158
0.8521031746031745
0.8788888888888889
0.3488095238095238
0.22730158730158728
1.0
0.41666666666666663
0.8
0.9
0.6041666666666666
1.0
0.9266666666666665
0.2828571428571428
0.7904365079365079
0.8
0.6388888888888888
0.7470238095238095
0.3083333333333333
0.5333333333333333
0.866388888888889
0.866388888888889
0.6791666666666667
0.5857142857142856
0.23055555555555554
0.18
0.6388888888888888
0.7904365079365079
0.89
0.4758333333333334
0.8788888888888889
0.5782142857142857
0.8875
0.45809523809523806
0.4864285714285714
0.8788888888888889
0.8444444444444444
0.1261904761904762
0.866388888888889
1.0
0.375
0.6424603174603174
0.1261904761904762
1.0
0.19999999999999998
0.7763888888888889
0.7621031746031746
0.24285714285714288
0.6226190476190476
1.0
0.5066137566137566
0.4597619047619047
1.0
0.9428571428571428
0.35
1.0
0.7142857142857144
0.83015873015873
0.9266666666666665
0.09666666666666665
0.35714285714285715
1.0
1.0
0.4463095238095239
0.5726190476190476
0.2
0.0
0.8154365079365078
0.7532142857142856
1.0
0.5625396825396825
0.17777777777777776
1.0
1.0
0.9
0.6428571428571428
0.7532142857142856
0.373015873015873
0.95
0.4884920634920635
0.696111111111111
0.5833333333333333
0.6634920634920635
1.0
0.2361111111111111
0.8166666666666667
1.0
0.5325396825396825
0.4230952380952381
0.7071031746031746
0.24285714285714285
0.5253968253968253
1.0
1.0
0.5791666666666667
0.6018253968253967
0.325
0.5625396825396825
1.0
0.5535714285714285
0.6818253968253967
0.716111111111111
0.9166666666666666
0.7577777777777778
0.8354365079365079
0.4863095238095238
0.7571031746031747
0.7254365079365078
0.4958730158730159
1.0
1.0
0.8154365079365078
0.3422222222222222
0.21726190476190477
0.40499999999999997
0.7042063492063492
0.8521031746031745
0.4925
0.9166666666666666
0.46130952380952384
0.3422222222222222
0.5808730158730159
0.7532142857142856
0.6458730158730158
1.0
0.7068253968253967
0.2963095238095238
1.0
1.0
0.7071031746031746
0.5666666666666667
0.6458730158730158
1.0
0.6392857142857142
0.5821428571428571
1.0
0.7254365079365078
1.0
0.5208333333333334
0.9317956349206349
0.2750793650793651
0.7571031746031747
1.0
0.9
0.5325396825396825
0.3873015873015873
0.5783333333333334
0.6082142857142857
0.8666666666666667
1.0
0.788888888888889
0.8
0.40555555555555556
0.48476190476190484
0.22380952380952376
0.671111111111111
0.3996428571428571
0.5833333333333333
0.9093537414965985
0.13999999999999999
0.9166666666666666
0.5833333333333333
0.736547619047619
0.8218253968253969
1.0
0.936734693877551
0.7254365079365078
1.0
0.7
1.0
0.7434920634920634
0.7327777777777778
0.5333333333333333
0.691547619047619
1.0
1.0
0.5008730158730159
0.691547619047619
0.3333333333333333
0.26666666666666666
0.8
0.5277777777777778
0.625
0.5047619047619047
0.9467813051146384
1.0
0.6082142857142857
1.0
0.5833333333333333
0.8333333333333333
0.8843537414965985
1.0
0.7254365079365078
0.5898589065255732
0.7571031746031747
0.4958730158730159
0.3755555555555556
0.6732142857142857
0.9761904761904762
0.5908730158730158
0.616111111111111
0.9028571428571428
0.3084126984126984
0.6308730158730158
0.6518707482993197
0.3
0.5533068783068784
0.3613095238095238
0.18465608465608466
0.8055555555555555
0.9
0.8354365079365079
0.6494897959183673
0.19
0.7071031746031746
0.736547619047619
0.5666666666666667
0.575
1.0
0.7222222222222222
1.0
0.5978835978835979
0.6268253968253967
0.8055555555555555
0.9206845238095237
0.7577777777777778
0.6544217687074829
0.3611111111111111
0.5155555555555555
0.7577777777777778
1.0
0.5458730158730158
0.4758333333333334
0.9861111111111112
0.4583333333333333
0.7571031746031747
0.575
0.6283333333333333
0.43809523809523804
1.0
0.6746031746031745
0.5833333333333333
0.6083333333333333
0.9626543209876544
1.0
0.62
0.5577777777777777
0.6082142857142857
1.0
0.575
0.3229761904761905
1.0
0.5282142857142857
0.6582142857142856
0.5347619047619048
0.8154365079365078
0.8166666666666667
0.8
0.8303571428571428
1.0
1.0
0.89
0.38936507936507936
0.4958730158730159
0.7425595238095237
0.55
0.8666666666666667
0.5808730158730159
0.5178571428571428
0.7675
0.35158730158730156
0.6777777777777778
0.4609977324263038
0.8666666666666667
0.7152777777777777
1.0
0.8369047619047618
0.6791666666666667
0.42642857142857143
0.38976190476190475
0.5380952380952382
0.4705555555555555
0.7861904761904762
0.5075000000000001
0.8441043083900226
0.4383333333333333
0.7708333333333333
0.2777777777777778
0.3444444444444444
0.3255555555555556
0.4
0.95
0.5475396825396825
0.7100000000000001
0.8095238095238094
0.6592063492063491
0.5
0.4958730158730159
0.8333333333333333
0.6666666666666666
0.5
0.6984126984126983
1.0
0.4008333333333334
0.5396825396825397
0.5
0.5625396825396825
1.0
0.7806122448979592
0.42857142857142855
0.4514550264550264
0.89
0.41809523809523813
0.7329365079365079
0.2771825396825397
0.5984920634920635
1.0
0.05333333333333333
0.42642857142857143
0.7068253968253967
0.7892857142857143
0.2571428571428571
0.9
0.95
0.6595238095238095
0.7904365079365079
0.25297619047619047
0.5599999999999999
1.0
0.95
0.7968253968253968
0.866388888888889
0.8106150793650793
0.5833333333333333
0.8521031746031745
0.32976190476190476
1.0
1.0
0.5475396825396825
0.6777777777777778
0.3796428571428571
0.835
1.0
1.0
0.9
0.9821428571428571
0.671111111111111
0.32976190476190476
1.0
0.4225
1.0
0.8541666666666666
0.7763888888888889
0.5877777777777778
0.8
0.3255555555555555
0.7071031746031746
1.0
0.3822222222222222
0.6395691609977323
0.6666666666666666
0.41666666666666663
0.788888888888889
0.5000000000000001
0.25
0.37476190476190474
0.9
0.25
0.19285714285714287
0.959375
0.4864285714285714
0.716547619047619
0.6680555555555556
0.8788888888888889
0.8788888888888889
0.5091666666666667
1.0
0.48476190476190484
1.0
0.4479761904761904
1.0
0.39285714285714285
0.788888888888889
0.6732142857142857
0.89
0.3333333333333333
0.3666666666666667
0.19319727891156463
0.8467813051146383
0.44630952380952377
0.7602292768959436
1.0
0.8055555555555555
0.8522817460317459
0.3055555555555555
1.0
0.45555555555555555
0.8875
0.8333333333333333
0.4825396825396825
0.7532142857142856
0.6388888888888888
0.08333333333333333
0.9
0.35714285714285715
0.14285714285714285
0.4708333333333334
1.0
0.41666666666666663
0.6726190476190477
0.866388888888889
0.3713095238095238
0.9166666666666666
0.8354365079365079
0.8467813051146383
0.9
0.7577777777777778
0.6365476190476189
0.29174603174603175
0.821111111111111
0.6268253968253967
0.8041666666666667
0.7571031746031747
1.0
0.7071031746031746
0.6293650793650792
0.37797619047619047
0.6565476190476189
0.1527777777777778
1.0
0.3095238095238095
0.3333333333333333
0.08024691358024691
0.9
1.0
0.8521031746031745
0.4514285714285714
0.7571031746031747
0.8788888888888889
0.4163095238095238
0.49829931972789115
0.28946208112874783
0.5
0.4133333333333333
1.0
0.41809523809523813
0.7713789682539682
0.8
0.4279761904761905
0.7393424036281179
0.8766666666666666
0.616111111111111
0.36583333333333334
0.47777777777777775
1.0
0.6
1.0
0.3796428571428571
0.6634920634920635
0.5
0.5416666666666667
0.7708333333333333
1.0
1.0
0.6377777777777778
0.5114285714285713
0.6671031746031746
0.8
0.7552579365079365
0.745436507936508
0.4428571428571429
1.0
0.7071031746031746
0.7071031746031746
0.7434920634920634
0.5163095238095239
0.5314285714285714
0.4611111111111111
0.5873015873015873
0.9761904761904762
0.5991666666666667
0.593452380952381
0.3814285714285714
0.6472789115646258
0.7327777777777778
0.3422222222222222
0.6023809523809524
1.0
0.7571031746031747
1.0
0.8055555555555555
0.3963095238095238
0.5830952380952381
0.3611111111111111
0.9
0.5563095238095238
0.866388888888889
0.46499999999999997
0.6377777777777778
0.5262896825396826
0.41874999999999996
0.7268253968253967
0.5
0.2757936507936508
0.4104308390022675
0.33214285714285713
1.0
0.11666666666666665
0.9
0.8644345238095237
1.0
0.49309523809523814
0.46499999999999997
0.866388888888889
0.788888888888889
0.7453968253968254
0.37130952380952376
0.5063095238095239
0.5133333333333333
0.8766666666666666
0.9
1.0
0.3814285714285714
0.736547619047619
0.7571031746031747
0.62
1.0
0.44538690476190473
0.66005291005291
1.0
0.7738095238095237
0.9765432098765433
0.6125396825396825
0.4163095238095238
0.7577777777777778
0.88015873015873
0.7438492063492065
0.265079365079365
1.0
1.0
0.959375
0.9484126984126983
0.4563095238095237
0.7434920634920634
1.0
0.5833333333333333
0.8154365079365078
0.691547619047619
1.0
0.5077777777777779
0.5908730158730158
0.5
0.41666666666666663
0.788888888888889
0.9087301587301587
0.8521031746031745
0.3583333333333333
0.8055555555555555
0.24861111111111106
0.611547619047619
0.9761904761904762
0.4225
1.0
0.43809523809523804
0.5991666666666667
0.19270833333333331
0.7568027210884355
0.9166666666666666
0.8333333333333334
0.6361111111111111
1.0
0.89
0.8
0.9467813051146384
0.7333333333333333
1.0
0.5773809523809523
0.3555555555555555
0.6726190476190476
1.0
0.8875
0.5
0.625
0.3964285714285714
0.3993650793650793
0.62
0.48476190476190484
0.8521031746031745
1.0
0.275
1.0
0.5972789115646259
0.9150793650793649
0.475
0.6582142857142856
0.6984126984126983
0.8141975308641975
0.5592857142857144
0.4625
0.6388888888888888
0.6666666666666666
0.9
0.32666666666666666
0.9293650793650793
0.5325396825396825
0.3333333333333333
0.4916666666666667
0.5475396825396825
0.7602678571428572
0.7004365079365078
0.17981150793650794
0.9821428571428571
0.4625
0.45555555555555555
1.0
0.33730158730158727
0.32269841269841265
0.6818253968253967
0.9
0.47297619047619055
1.0
0.7545918367346939
0.788888888888889
0.6083333333333333
0.36476190476190473
0.8521031746031745
0.5138888888888888
0.89
0.32166666666666666
0.3404761904761905
0.38936507936507936
0.8099999999999999
0.7545918367346939
0.5282142857142857
0.5808730158730159
1.0
1.0
0.5175396825396825
0.9526289682539681
1.0
0.6708730158730158
1.0
0.7555555555555555
0.78
0.42063492063492064
1.0
0.89
1.0
1.0
0.75
0.37666666666666665
0.6142857142857142
1.0
0.4773809523809523
0.5047619047619047
0.6242063492063492
0.5428571428571429
0.46349206349206346
0.23194444444444445
0.7904365079365079
0.7763888888888889
1.0
0.6157407407407408
0.696111111111111
0.5380952380952382
0.5
0.8041666666666667
0.29388888888888887
0.32499999999999996
0.473095238095238
0.8788888888888889
0.6818253968253967
0.66005291005291
0.5607142857142857
0.3430952380952381
0.2962962962962963
0.866388888888889
0.24444444444444446
0.5264285714285715
0.8303571428571428
0.5
0.16607142857142856
0.3796428571428571
0.25396825396825395
0.788888888888889
1.0
0.41666666666666663
0.8154365079365078
0.6361111111111111
0.6
1.0
0.8
0.3333333333333333
0.25
0.6861904761904762
0.8555555555555555
0.13095238095238096
0.8099999999999999
0.8788888888888889
0.16666666666666666
0.7904365079365079
0.8419753086419752
0.745436507936508
1.0
0.7904365079365079
0.8788888888888889
1.0
0.41809523809523813
0.8
0.5282142857142857
0.5873015873015873
0.4758333333333334
0.5380952380952382
1.0
0.21063492063492065
1.0
0.7904365079365079
1.0
0.4072222222222222
1.0
0.45464285714285707
0.5
0.8521031746031745
0.3433333333333333
0.5325396825396825
0.8
0.716547619047619
0.7333333333333333
0.6345238095238095
0.9761904761904762
0.6388888888888888
0.2698412698412699
0.48
0.6361111111111111
0.78
1.0
0.3083333333333333
0.32166666666666666
0.015625
0.13107142857142856
0.5984920634920635
0.5833333333333333
0.8354365079365079
0.716111111111111
0.6679138321995465
0.5758730158730159
0.866388888888889
0.6671031746031746
1.0
0.6738095238095239
0.4213095238095238
0.866388888888889
0.9
0.5408333333333333
0.8736394557823128
0.7071031746031746
0.5694444444444444
0.45476190476190476
0.6258730158730159
0.8154365079365078
0.23888888888888885
1.0
1.0
0.26785714285714285
0.7986111111111112
0.7327777777777778
1.0
0.7068253968253967
0.8354365079365079
0.788888888888889
0.4973544973544974
0.3491666666666667
0.14027777777777778
0.03333333333333333
0.9666666666666666
0.7571031746031747
0.8788888888888889
0.9428571428571428
0.6476190476190476
0.5347619047619048
0.5430952380952381
0.707936507936508
0.8354365079365079
0.836734693877551
0.5497619047619048
1.0
0.7333333333333333
1.0
0.3333333333333333
1.0
0.3333333333333333
0.16666666666666666
0.488095238095238
1.0
1.0
0.37130952380952376
0.6082142857142857
0.6592063492063491
0.8055555555555555
0.7142857142857142
0.49259259259259264
1.0
0.7027777777777778
0.47297619047619055
0.3296428571428571
0.95
0.2685185185185185
0.866388888888889
0.4514285714285714
0.9166666666666666
1.0
0.7675
0.5014285714285714
0.75
1.0
0.419047619047619
0.6557142857142857
1.0
1.0
0.2671428571428572
0.5047619047619047
0.5
0.671111111111111
1.0
0.29174603174603175
0.45087301587301587
0.46333333333333326
0.8666666666666667
1.0
0.8521031746031745
0.866388888888889
0.8154365079365078
0.4314285714285714
1.0
0.9888888888888889
0.9166666666666666
1.0
0.2523809523809524
1.0
0.6582142857142856
0.5580952380952381
0.89
0.6818253968253967
1.0
0.9305555555555555
0.6961904761904762
0.6308730158730158
0.3571428571428571
0.619047619047619
0.8354365079365079
1.0
0.8521031746031745
0.4979761904761905
0.41666666666666663
0.4597619047619047
0.4708333333333334
0.29174603174603175
0.9166666666666666
0.23603174603174604
0.7708333333333333
0.9
0.9
0.3708333333333333
0.7481150793650794
0.3044444444444444
0.3
0.5327380952380952
0.8099999999999999
0.6
0.8260204081632653
0.9379251700680271
0.8354365079365079
0.8761904761904761
1.0
0.866388888888889
0.7071031746031746
0.4825396825396825
0.639047619047619
0.6308730158730158
0.4730952380952381
0.7071031746031746
1.0
0.4925
0.7000000000000001
0.8333333333333333
0.5880952380952381
0.30396825396825394
0.9
0.47455357142857135
1.0
0.6805555555555555
0.89
0.4777777777777777
0.4958730158730159
1.0
0.9428571428571428
1.0
0.7071031746031746
0.4514285714285714
0.3296428571428571
0.5333333333333333
0.8178571428571427
0.2873015873015873
0.7532142857142856
0.7856701940035273
0.21527777777777776
0.7071031746031746
0.36944444444444446
0.5475396825396825
0.49589947089947095
0.5791666666666667
0.3333333333333333
0.4688492063492063
0.3333333333333333
1.0
0.29861111111111105
0.736547619047619
0.375079365079365
0.2890022675736961
0.7577777777777778
0.5833333333333333
1.0
0.9666666666666666
0.7904365079365079
0.9
1.0
0.3
0.6386243386243386
1.0
0.6592063492063491
1.0
0.4726984126984126
0.9428571428571428
1.0
0.5808730158730159
0.55
0.6763888888888889
0.7042063492063492
0.3611111111111111
0.5
0.36051587301587296
0.7037037037037037
0.8354365079365079
0.6388888888888888
0.8095238095238094
0.6726190476190477
0.3322222222222222
1.0
0.7571031746031747
0.8159722222222222
0.7434920634920634
0.18051587301587302
1.0
0.6818253968253967
0.7469246031746031
0.78
0.18551587301587302
0.8875
0.671111111111111
0.8666666666666667
1.0
0.34444444444444444
1.0
0.8722222222222221
0.37797619047619047
0.5430952380952381
0.5713403880070547
0.47222222222222215
0.8765432098765432
0.6592063492063491
0.5697916666666667
0.5984920634920635
0.3810657596371882
0.8055555555555555
1.0
1.0
0.78
1.0
0.89
0.9266666666666665
0.7470238095238095
0.8154365079365078
0.1433333333333333
0.6083333333333333
0.41809523809523813
0.6333333333333333
0.34809523809523807
0.9
0.67
0.748015873015873
0.7041666666666666
0.9526289682539681
0.4222222222222222
0.6875
0.38976190476190475
0.22666666666666666
0.8354365079365079
1.0
0.8788888888888889
1.0
0.8875
1.0
1.0
0.6388888888888888
0.9166666666666666
0.7481150793650794
0.5258333333333334
0.745436507936508
0.15666666666666665
0.1519047619047619
0.8055555555555555
0.3996428571428571
0.62
0.48809523809523814
0.45663265306122447
1.0
1.0
0.8354365079365079
0.2861111111111111
0.7453968253968254
1.0
0.5097619047619047
0.5164285714285715
0.19642857142857142
0.7532142857142856
0.09166666666666667
0.671111111111111
0.524047619047619
0.6818253968253967
0.9317956349206349
0.5188492063492064
0.8788888888888889
0.6777777777777778
0.38749999999999996
0.33249999999999996
0.4479761904761904
0.6258730158730159
1.0
0.42658730158730157
0.7327777777777778
0.5
1.0
0.14666666666666667
0.7008928571428571
0.75
0.8666666666666667
0.2863095238095238
0.89
0.44642857142857145
0.866388888888889
0.544047619047619
0.5830952380952381
0.89
0.42777777777777776
1.0
0.6388888888888888
0.16499999999999998
0.525952380952381
0.09523809523809523
0.3572222222222222
1.0
0.8333333333333334
0.18051587301587302
0.7777777777777778
1.0
1.0
1.0
0.9282627865961199
0.30952380952380953
1.0
0.2629761904761905
0.9
0.5877777777777778
1.0
0.24333333333333332
0.7545918367346939
0.6428571428571429
1.0
0.7071031746031746
0.2873015873015873
0.8060405643738976
0.9821428571428571
0.6818253968253967
0.3333333333333333
0.6258730158730159
0.27666666666666667
1.0
0.7708333333333333
0.2908289241622575
0.788888888888889
1.0
0.5566326530612246
0.33633156966490296
0.41500000000000004
1.0
0.9761904761904762
0.7571031746031747
0.5404761904761904
0.885
0.316031746031746
0.5
0.4405555555555555
0.4995535714285714
0.875
0.7254365079365078
1.0
0.29
0.5097619047619047
0.3196428571428571
1.0
0.7577777777777778
0.78
0.5761022927689594
1.0
1.0
0.8354365079365079
0.89
0.8956845238095237
1.0
0.4383333333333333
1.0
0.39630952380952383
0.23159722222222223
0.8154365079365078
1.0
1.0
0.8392857142857142
0.8333333333333333
1.0
0.8055555555555555
0.8788888888888889
0.7434920634920634
0.49259259259259264
0.1775
0.9150793650793649
0.2988095238095238
0.7675
0.5625396825396825
0.7986111111111112
0.9150793650793649
1.0
0.3095238095238095
0.5984920634920635
0.31
0.9821428571428571
0.575
0.6064814814814814
0.8541666666666666
0.6258730158730159
1.0
0.8666666666666667
0.78
1.0
0.5947278911564625
0.8154365079365078
0.7071031746031746
0.38416666666666666
1.0
0.6961904761904762
0.8154365079365078
0.5416666666666667
0.8521031746031745
0.7071031746031746
0.795679012345679
0.38
0.7132936507936508
0.9821428571428571
0.37964285714285706
0.5975396825396825
0.6954144620811288
0.9166666666666666
0.49809523809523804
0.9325396825396826
1.0
0.37476190476190474
0.9150793650793649
0.47052154195011336
0.5314285714285714
0.866388888888889
0.5940476190476189
0.3333333333333333
0.5208333333333334
0.7327777777777778
1.0
0.25
0.9526289682539681
1.0
0.95
0.9821428571428571
0.89
0.9444444444444445
0.7961904761904762
0.6614583333333334
0.4126984126984127
0.35555555555555557
0.6083333333333333
0.4407142857142857
0.9166666666666666
0.6666666666666666
0.4258333333333333
0.475
0.8154365079365078
1.0
1.0
0.5984920634920635
0.5163095238095239
0.5758730158730159
0.1574074074074074
0.8333333333333333
0.40630952380952373
0.6458333333333333
0.6035714285714285
1.0
0.9166666666666666
0.9
0.25
0.5625396825396825
0.4163095238095238
0.5
0.8069444444444445
0.736547619047619
1.0
0.6258730158730159
0.4444444444444444
0.26
1.0
0.9
1.0
0.41309523809523807
0.7273809523809524
0.6018253968253967
0.6527777777777778
1.0
0.8261904761904761
0.4825396825396825
0.014285714285714285
0.39285714285714285
0.5792063492063492
0.9761904761904762
0.3222222222222222
0.5
0.26666666666666666
1.0
0.7071031746031746
0.5976190476190476
0.7687074829931974
0.3726984126984127
0.7904365079365079
0.6592063492063491
0.40888888888888886
0.6634920634920635
0.7571031746031747
0.35
0.8107142857142856
1.0
0.8354365079365079
0.12
0.8806122448979592
0.7571031746031747
0.2052777777777778
0.4979761904761905
0.8154365079365078
0.4279761904761905
0.6357142857142857
0.8788888888888889
0.4258333333333333
0.7345238095238096
0.5333333333333333
0.5107142857142858
0.866388888888889
0.3666666666666667
0.53
0.6125396825396825
0.6116666666666666
0.625
0.8521031746031745
0.7
0.8354365079365079
0.5166666666666666
0.9666666666666666
1.0
0.7072916666666667
0.5630952380952381
0.9666666666666666
0.8333333333333333
0.8467813051146383
0.7555555555555555
0.9
0.5175396825396825
0.6171031746031745
0.4663095238095238
0.5297619047619049
0.40809523809523807
0.8788888888888889
0.8972222222222221
0.7675
0.33416666666666667
0.8734126984126983
1.0
0.885
0.696111111111111
0.34630952380952384
0.89
0.44047619047619047
0.8521031746031745
0.6732142857142857
1.0
0.6527777777777778
1.0
0.47460317460317464
0.9379251700680271
0.8166666666666667
0.31547619047619047
0.9166666666666666
0.6926190476190476
0.6388888888888888
0.822767857142857
0.7268253968253967
0.788888888888889
0.7532142857142856
0.9317956349206349
0.5571428571428572
0.3896428571428571
0.89
0.5416666666666667
0.7555555555555555
0.5208333333333334
0.7958333333333334
0.8055555555555555
0.29888888888888887
0.691547619047619
0.78
0.8875
1.0
0.24
0.5758730158730159
0.8
0.6565476190476189
0.6361111111111111
0.43420634920634915
0.89
1.0
0.36507936507936506
0.2828571428571428
0.4213095238095238
0.16333333333333333
0.33730158730158727
0.8154365079365078
0.5325396825396825
0.6791666666666667
0.4514285714285714
0.5
0.5142063492063491
0.961734693877551
0.5249999999999999
0.6377777777777778
0.8154365079365078
0.537037037037037
0.8041666666666667
0.5297619047619049
1.0
1.0
1.0
1.0
0.7904365079365079
0.22749999999999998
0.5877777777777778
1.0
0.6496031746031746
1.0
0.6994047619047619
0.7434920634920634
0.7068253968253967
1.0
0.7861904761904762
1.0
0.9666666666666666
0.5
1.0
0.7571031746031747
0.78
0.4647619047619048
0.40916666666666657
0.78
0.5964285714285714
0.5
0.6309523809523809
0.05357142857142857
0.512063492063492
0.5791666666666667
0.40809523809523807
1.0
0.344047619047619
0.7577777777777778
1.0
0.5577777777777777
0.3763095238095238
0.6171031746031745
1.0
0.3322222222222222
1.0
0.3333333333333333
0.4029761904761905
0.8099999999999999
0.5833333333333333
0.6116666666666666
1.0
0.5984920634920635
0.6787037037037037
1.0
0.5877777777777778
0.26666666666666666
0.5666666666666667
0.8788888888888889
0.5630952380952381
1.0
0.40630952380952373
0.4572222222222222
0.1406349206349206
1.0
0.9150793650793649
0.6458730158730158
0.42642857142857143
0.5984920634920635
0.7313492063492063
0.5991666666666667
0.2621428571428571
0.9166666666666666
0.4666666666666666
0.24285714285714288
0.16527777777777777
0.788888888888889
0.7071031746031746
0.4279761904761905
0.3588888888888889
1.0
0.19027777777777777
0.7571031746031747
1.0
1.0
0.6805555555555555
0.265079365079365
0.5830952380952381
0.788888888888889
0.5833333333333333
0.7904365079365079
0.466156462585034
1.0
0.9
0.18959435626102292
0.4216666666666667
0.7071031746031746
0.8521031746031745
0.4777777777777777
0.5833333333333333
0.8788888888888889
0.29166666666666663
0.3666666666666667
0.21666666666666665
0.5163095238095239
0.936734693877551
0.047619047619047616
0.8
1.0
0.325079365079365
0.8333333333333333
0.41666666666666663
0.3666666666666667
0.35583333333333333
0.5383333333333333
0.8354365079365079
0.6042063492063492
0.5925170068027211
0.8412698412698413
1.0
0.8354365079365079
1.0
1.0
0.7254365079365078
0.8154365079365078
0.6818253968253967
0.5964285714285714
0.7763888888888889
0.8788888888888889
1.0
0.866388888888889
0.5508730158730158
0.12222222222222223
0.9
1.0
0.8917233560090703
0.8788888888888889
1.0
0.4716666666666667
0.8875
0.9111111111111111
0.18979591836734694
0.5804421768707482
0.38936507936507936
0.9888888888888889
0.7904365079365079
0.716111111111111
0.4270833333333333
0.4716666666666667
0.8354365079365079
0.7152777777777777
0.95
0.7004365079365078
0.7004365079365078
0.7412257495590828
0.8333333333333333
0.027777777777777776
0.20785714285714282
0.554861111111111
0.9317956349206349
0.6111111111111112
1.0
0.6592063492063491
0.7904365079365079
0.6878306878306878
0.6428571428571428
0.15833333333333333
0.6527777777777778
0.5
0.4397619047619047
0.5008730158730159
0.41666666666666663
0.7071031746031746
0.5291666666666667
0.1852777777777778
0.7071031746031746
1.0
0.6366666666666667
0.7068253968253967
0.5475396825396825
1.0
0.9
0.7100000000000001
0.5625396825396825
0.22749999999999998
1.0
1.0
0.6361111111111111
0.3194444444444445
0.5475396825396825
0.6388888888888888
0.19027777777777777
0.12083333333333332
0.78
0.40630952380952373
0.3993650793650793
0.8154365079365078
0.6268253968253967
0.89
0.21051587301587302
0.8154365079365078
1.0
0.7100000000000001
1.0
0.9
0.7824514991181658
0.9467813051146384
0.28174603174603174
0.6357142857142857
0.5225
0.8711111111111111
1.0
0.9861111111111112
0.6671031746031746
0.8333333333333333
0.5694444444444444
0.6082142857142857
0.8154365079365078
1.0
0.39166666666666666
0.7904365079365079
0.6402777777777778
0.4058333333333334
1.0
0.6178571428571429
0.9282627865961199
0.5325396825396825
1.0
0.21607142857142858
0.7327777777777778
0.7644444444444444
0.16
1.0
0.1873015873015873
0.3095238095238095
0.5148148148148148
0.14119047619047617
0.5758730158730159
0.7884920634920635
0.3055555555555555
0.2111111111111111
0.4163095238095238
1.0
0.5833333333333333
0.6666666666666666
0.6656746031746031
0.9
1.0
0.6484920634920635
0.8041666666666667
0.49809523809523804
0.5247619047619048
0.7621031746031746
0.89
0.7004365079365078
1.0
0.43333333333333335
0.3333333333333333
0.43555555555555553
0.8260204081632653
0.20666666666666664
1.0
1.0
0.6388888888888888
0.6758503401360544
1.0
0.5833333333333333
0.7857142857142857
0.6071428571428572
0.40630952380952373
0.639047619047619
0.5684920634920634
1.0
1.0
0.6488095238095237
0.6614583333333334
0.5508730158730158
0.7071031746031746
0.9087301587301587
0.4829761904761905
1.0
0.6976190476190476
0.11666666666666665
0.34920634920634913
0.9166666666666666
0.7675
0.07523809523809524
0.07166666666666666
0.6794973544973544
1.0
0.95
0.18194444444444444
1.0
0.6194444444444445
0.4425
0.35444444444444445
0.5
0.71875
0.4747619047619048
1.0
0.8441043083900226
1.0
0.7333333333333333
0.7042063492063492
0.3738888888888888
0.8644345238095237
0.4761904761904762
1.0
0.866388888888889
0.9526289682539681
0.9282627865961199
1.0
1.0
0.7656746031746031
0.8788888888888889
0.8788888888888889
0.3964285714285714
1.0
1.0
0.9166666666666666
0.7571031746031747
0.6178571428571429
1.0
1.0
0.7071031746031746
0.7571031746031747
0.7904365079365079
0.28174603174603174
0.5114285714285713
1.0
0.8788888888888889
0.4663095238095238
0.8055555555555555
0.24285714285714285
0.7095238095238094
0.7861904761904762
0.549404761904762
1.0
0.3238095238095238
0.4846230158730158
0.8521031746031745
0.5
0.8444444444444443
0.7904365079365079
1.0
0.125
0.9166666666666666
0.9282627865961199
0.6875
0.8369047619047618
0.6171031746031745
0.6791666666666667
0.7763888888888889
0.7042063492063492
0.5416666666666667
0.12190476190476192
0.6582142857142856
0.8788888888888889
0.03333333333333333
0.418095238095238
0.14285714285714285
0.8766666666666666
0.6087301587301587
0.7675
0.19
0.5497023809523809
0.6441043083900226
0.4730952380952381
0.5416666666666667
0.89
0.7621031746031746
0.691547619047619
0.1875
0.7107142857142857
0.3096428571428571
0.23888888888888887
0.75
0.6732142857142857
0.6842063492063492
0.5308730158730158
1.0
1.0
0.5361552028218695
0.20607142857142854
0.2526984126984127
0.9888888888888889
0.8357142857142857
0.8354365079365079
0.6220238095238095
1.0
0.7597222222222223
0.866388888888889
1.0
1.0
0.7071031746031746
0.7928571428571429
0.7000000000000001
0.7254365079365078
0.5666666666666667
0.9060405643738976
0.89
0.6791666666666667
0.41666666666666663
0.8333333333333333
1.0
1.0
1.0
0.44553571428571426
0.45
1.0
0.8521031746031745
0.29603174603174603
0.6042063492063492
0.27341269841269844
0.7621031746031746
0.7856701940035273
0.17619047619047618
0.8
0.35178571428571426
0.5580952380952381
0.23809523809523808
0.6316578483245149
0.3713095238095238
0.46205357142857145
0.8166666666666667
0.05612244897959184
0.5761022927689594
0.5321428571428571
0.6018253968253967
0.5142063492063491
0.15092592592592594
0.7996031746031745
0.3666666666666667
0.4308333333333333
0.49071428571428566
0.7575837742504408
1.0
1.0
1.0
1.0
0.6708730158730158
0.7329365079365079
1.0
0.8178571428571427
0.6732142857142857
0.07166666666666666
0.9
0.016666666666666666
0.788888888888889
0.18777777777777777
0.8055555555555555
0.35583333333333333
1.0
1.0
0.8154365079365078
0.7470238095238095
0.7904365079365079
0.9428571428571428
0.24047619047619045
0.5782142857142857
1.0
0.31297619047619046
0.5313095238095238
0.26
0.33999999999999997
0.4597619047619047
0.866388888888889
0.7434920634920634
0.19666666666666666
1.0
0.5092592592592592
0.3964285714285714
0.29888888888888887
0.4247619047619048
0.9325396825396826
0.7071031746031746
0.7071031746031746
0.7268253968253967
1.0
0.7100000000000001
0.5833333333333333
0.0
1.0
0.8788888888888889
1.0
0.275
0.4097619047619048
1.0
0.5347619047619048
0.29166666666666663
0.7571031746031747
0.3572222222222222
0.7
1.0
0.4258333333333333
0.4979761904761905
0.47108843537414963
0.8055555555555555
0.48044217687074825
1.0
0.7551587301587301
0.6416666666666666
1.0
0.7532142857142856
0.7186948853615519
0.866388888888889
0.5738095238095239
0.43
1.0
1.0
0.6777777777777778
0.7675
1.0
0.9379251700680271
0.3255555555555556
0.5475396825396825
0.9266666666666665
1.0
0.89
1.0
0.49071428571428566
0.8788888888888889
0.21111111111111108
0.7071031746031746
0.7268253968253967
0.5877777777777778
0.8154365079365078
0.7434920634920634
0.89
0.5984920634920635
0.2518518518518518
0.5607142857142857
1.0
0.6666666666666666
1.0
0.5758730158730159
0.8178571428571427
0.6468253968253967
0.5014285714285714
0.7904365079365079
0.5107142857142858
1.0
0.6484920634920635
0.6082142857142857
0.5282142857142857
0.827437641723356
0.2861111111111111
0.866388888888889
0.6258730158730159
1.0
0.3574074074074074
0.22055555555555556
0.6582142857142856
0.5497619047619048
0.835
0.6042063492063492
0.5
0.4777777777777777
0.9
0.5714285714285714
0.9240362811791382
0.42642857142857143
0.5184920634920636
1.0
0.591111111111111
0.40499999999999997
0.866388888888889
0.7
0.95
0.736547619047619
0.6484920634920635
0.8416666666666667
0.4463095238095239
0.75
0.6295238095238095
1.0
0.7327777777777778
0.325079365079365
0.8303571428571428
0.39630952380952383
0.8521031746031745
0.45
0.9067956349206348
1.0
0.4888888888888889
0.8766666666666666
0.2488095238095238
0.611547619047619
0.8060405643738976
1.0
0.9467813051146384
0.5142063492063491
0.9821428571428571
0.8734126984126983
0.7571031746031747
0.7
1.0
0.7004365079365078
0.736547619047619
0.5995535714285714
0.47297619047619055
0.6377777777777778
0.3037037037037037
0.8
0.7327777777777778
0.7861904761904762
0.6732142857142857
0.748015873015873
0.7621031746031746
1.0
0.5783333333333334
0.7571031746031747
0.46825396825396826
0.38976190476190475
0.9821428571428571
0.9704861111111112
0.27194444444444443
0.6666666666666666
0.22888888888888886
0.4916666666666667
0.4479761904761904
1.0
0.37936507936507935
0.5233333333333332
0.7555555555555555
1.0
0.35238095238095235
0.41111111111111115
0.9704861111111112
0.3655555555555556
0.7000000000000001
0.3333333333333333
0.4314285714285714
0.9
0.41666666666666663
0.8333333333333334
0.5833333333333333
0.8154365079365078
0.6
0.4666666666666666
0.5975396825396825
0.05
0.691547619047619
0.7071031746031746
0.8261904761904761
0.8486111111111111
0.47297619047619055
0.6582142857142856
0.256031746031746
0.22416225749559082
1.0
0.7254365079365078
0.36964285714285716
0.3770833333333333
0.14444444444444443
0.8734126984126983
0.5658730158730159
0.6565476190476189
0.43
0.9761904761904762
0.9821428571428571
1.0
0.6365476190476189
0.5077777777777779
0.7071031746031746
0.89
0.8354365079365079
0.5844246031746032
0.5964285714285714
1.0
0.0325
0.7068253968253967
0.9166666666666666
0.788888888888889
0.45809523809523806
0.8
0.3688271604938272
1.0
0.3933333333333333
0.671111111111111
0.5097619047619047
0.38055555555555554
0.5541666666666667
0.5984920634920635
0.8154365079365078
0.5433333333333332
0.19642857142857142
0.8154365079365078
0.5657407407407408
0.28055555555555556
0.9166666666666666
0.7004365079365078
0.6708730158730158
0.7470238095238095
0.9159722222222222
0.0665079365079365
0.866388888888889
1.0
0.4714285714285714
0.5180952380952382
0.22380952380952376
0.27194444444444443
0.8541666666666666
0.716111111111111
0.38
0.7861904761904762
0.47297619047619055
0.7571031746031747
0.6370370370370371
0.8333333333333334
0.6308730158730158
1.0
1.0
1.0
0.39630952380952383
1.0
0.3263095238095238
0.6582142857142856
0.6592063492063491
0.7222222222222222
0.75
1.0
1.0
0.15857142857142856
0.47777777777777786
0.5782142857142857
1.0
0.6125396825396825
0.7763888888888889
0.5416666666666667
0.6083333333333333
0.4708333333333334
0.2861111111111111
0.6388888888888888
0.5718749999999999
0.9159722222222222
1.0
0.7434920634920634
0.3196428571428572
0.4761904761904762
0.4574999999999999
0.7944444444444445
0.49071428571428566
0.5865079365079364
1.0
0.6082142857142857
0.7327777777777778
0.42642857142857143
0.7489583333333334
0.9166666666666666
0.8369047619047618
1.0
0.4407142857142857
0.7532142857142856
0.5658730158730159
1.0
0.09619047619047619
0.5625396825396825
0.3666666666666667
0.9761904761904762
0.45555555555555555
0.8354365079365079
0.8972222222222221
0.5433333333333332
0.7904365079365079
0.3963095238095238
1.0
0.4258333333333333
0.5975396825396825
0.8354365079365079
0.9861111111111112
0.18051587301587302
0.7904365079365079
0.2384126984126984
0.5563095238095238
1.0
0.5577777777777777
0.6388888888888888
1.0
0.3333333333333333
0.8788888888888889
0.5142063492063491
0.35000000000000003
0.5175396825396825
0.8333333333333333
0.18285714285714286
1.0
0.7071031746031746
1.0
0.5630952380952381
0.7904365079365079
0.7333333333333333
0.5833333333333333
0.35568783068783066
0.6746031746031745
0.5830952380952381
0.575
0.41583333333333333
0.35833333333333334
0.3463095238095238
0.44642857142857145
0.17214285714285713
0.33201058201058203
0.6777777777777778
1.0
0.4131944444444444
0.4425
0.9704861111111112
0.75
1.0
0.4302469135802469
1.0
0.7074074074074075
0.5
0.2094444444444444
1.0
0.5308730158730158
1.0
0.7470238095238095
0.7071031746031746
1.0
0.9
0.8041666666666667
0.4574999999999999
0.5
0.16777777777777778
0.19930555555555554
0.18253968253968253
0.9266666666666665
0.3333333333333333
0.5014285714285714
0.3962962962962962
0.44135802469135804
1.0
1.0
1.0
1.0
0.7763888888888889
0.5308730158730158
0.6666666666666666
0.6242063492063492
0.8354365079365079
0.8099999999999999
0.7861904761904762
1.0
0.6308730158730158
1.0
0.6082142857142857
0.5830357142857142
0.13333333333333333
0.36666666666666664
0.8333333333333334
0.9293650793650793
0.2373015873015873
0.5984920634920635
0.611547619047619
0.7904365079365079
1.0
1.0
0.591111111111111
0.5555555555555555
0.4829761904761905
0.6428571428571429
0.41666666666666663
0.40630952380952373
0.8928571428571428
1.0
0.4125661375661375
1.0
0.9
1.0
0.2671428571428572
0.31040564373897706
0.9
0.27666666666666667
0.89
0.575
1.0
0.8
0.5008730158730159
0.49309523809523814
0.6283333333333333
0.6164285714285714
0.9
0.9305555555555555
0.8788888888888889
0.3151785714285714
0.6954144620811288
0.24952380952380948
0.8095238095238094
1.0
1.0
0.6145833333333334
0.5347619047619048
0.33249999999999996
0.16619047619047617
0.611547619047619
0.8788888888888889
0.5808730158730159
0.3611111111111111
0.594047619047619
0.8154365079365078
0.9666666666666666
0.6178571428571429
1.0
0.8766666666666666
0.7904365079365079
1.0
0.3922222222222222
0.4958333333333333
1.0
0.40809523809523807
0.2544444444444444
0.2
0.8354365079365079
0.6916666666666667
0.5508730158730158
0.89
0.7042063492063492
0.6083333333333333
0.8788888888888889
0.8154365079365078
1.0
0.7106150793650793
0.505
0.6083333333333333
0.9704861111111112
0.47297619047619055
0.8875
0.23603174603174604
0.804421768707483
0.639047619047619
0.26964285714285713
1.0
1.0
0.3584126984126984
0.4663095238095238
1.0
0.15416666666666665
0.075
0.6080952380952381
0.6565476190476189
0.6818253968253967
0.2185185185185185
0.8055555555555555
0.89
0.6097222222222222
0.5975396825396825
0.8154365079365078
0.691547619047619
0.7071031746031746
0.6258730158730159
0.7999999999999999
0.5833333333333333
0.7571031746031747
1.0
0.8766666666666666
0.8928571428571428
0.39285714285714285
0.8782627865961198
1.0
0.30603174603174604
0.5313095238095238
0.9166666666666666
1.0
0.5
1.0
0.9266666666666665
0.9067956349206348
0.29888888888888887
0.9166666666666666
0.9305555555555555
0.6
0.5089285714285714
0.5119047619047619
0.3986111111111111
0.24074074074074073
0.9
0.49555555555555547
0.5475396825396825
0.2333333333333333
0.6242063492063492
0.7000000000000001
0.5308730158730158
1.0
0.9428571428571428
0.505
0.3255555555555556
0.5833333333333333
0.7571031746031747
0.8441043083900226
0.544047619047619
0.4514285714285714
0.591111111111111
1.0
0.6746031746031745
0.4126984126984127
0.9765432098765433
0.22777777777777777
0.36666666666666664
0.22174603174603175
0.4597619047619048
0.8755456349206348
0.7071031746031746
0.7068253968253967
0.7571031746031747
0.8333333333333333
0.5684920634920634
0.22174603174603175
0.6458730158730158
0.696111111111111
1.0
0.8354365079365079
0.8788888888888889
0.3361111111111111
0.961734693877551
0.6565476190476189
0.645
0.736547619047619
0.9861111111111112
0.19563492063492063
0.9305555555555555
0.8521031746031745
0.7071031746031746
0.22777777777777777
0.7347222222222223
1.0
0.9166666666666666
0.8375
0.7100000000000001
0.6842063492063492
0.9666666666666666
0.41666666666666663
0.6582142857142856
0.8734126984126983
0.8354365079365079
0.9
0.7571031746031747
0.5313095238095238
0.5908730158730158
0.41666666666666663
1.0
0.23285714285714282
0.23285714285714282
0.0919047619047619
0.810515873015873
0.5658730158730159
0.866388888888889
0.4958730158730159
1.0
0.39916666666666667
0.30090702947845804
1.0
1.0
0.6296296296296297
0.3333333333333333
0.9666666666666666
0.35500000000000004
0.6557142857142857
0.9
1.0
0.6861904761904762
1.0
0.8041666666666667
0.6171031746031745
0.40499999999999997
1.0
1.0
0.6428571428571429
1.0
0.4463095238095239
0.9150793650793649
0.9428571428571428
0.47976190476190483
0.8354365079365079
1.0
0.6377777777777778
0.866388888888889
0.14694444444444443
0.5014285714285714
0.6268253968253967
0.7577777777777778
0.7532142857142856
0.7000000000000001
0.9765432098765433
0.716111111111111
0.9666666666666666
0.5577777777777777
0.40788690476190476
0.8261022927689594
0.2761904761904762
0.5133333333333333
0.9666666666666666
1.0
0.7611111111111111
1.0
0.5
1.0
0.8521031746031745
0.25
0.7222222222222222
0.4714285714285714
0.6277777777777777
1.0
0.6671031746031746
1.0
0.9
0.4822222222222222
0.95
0.23603174603174604
0.7295238095238095
0.40499999999999997
0.7268253968253967
0.3488095238095238
0.7042063492063492
0.9761904761904762
0.7532142857142856
0.8178571428571427
0.5255291005291006
0.17333333333333334
0.5380952380952382
0.07222222222222222
0.3666666666666667
0.8928571428571428
1.0
0.736547619047619
0.8354365079365079
0.866388888888889
0.7577777777777778
1.0
0.866388888888889
0.13166666666666665
0.5
0.33238095238095233
0.4147619047619048
1.0
0.4925
0.89
0.8166666666666667
1.0
1.0
0.8333333333333333
0.5930555555555556
0.7333333333333333
0.6875
0.7904365079365079
0.5833333333333333
0.8260204081632653
0.7254365079365078
1.0
0.5580952380952381
0.6823412698412699
1.0
0.4279761904761905
1.0
0.7904365079365079
1.0
0.4548611111111111
0.14285714285714285
1.0
0.5333333333333333
0.9
0.4829761904761905
0.4425
0.5964285714285714
0.8755456349206348
0.619047619047619
1.0
0.9583333333333334
0.6671031746031746
1.0
0.6842063492063492
0.775
0.3964285714285714
0.736547619047619
1.0
0.5011904761904762
0.27194444444444443
0.6484920634920635
0.8734126984126983
1.0
0.6366666666666667
0.48809523809523814
1.0
0.9166666666666666
1.0
0.75
0.35555555555555557
0.9484126984126983
0.7071031746031746
0.5961904761904762
0.2838095238095238
1.0
0.5658730158730159
1.0
0.36714285714285716
0.1986111111111111
0.21083333333333334
0.788888888888889
0.8444444444444443
0.6388888888888888
0.8338789682539682
0.7571031746031747
0.2544444444444444
0.4154761904761905
0.9
0.5308730158730158
1.0
0.8521031746031745
0.8154365079365078
0.29285714285714287
0.316031746031746
0.11333333333333333
0.7708333333333333
0.5964285714285714
0.4326984126984127
0.6366666666666667
1.0
0.30603174603174604
0.6708730158730158
0.7675
0.7268253968253967
0.4444444444444444
0.6388888888888888
0.7801587301587302
